,0,1,2,3,4,5,6
0,1.1735628,0.11288048,0.0015908451,0.0032938272,0.007523608,0.015805345,0.01
1,1.0568296,0.112284854,0.016996628,0.010180253,0.022567473,0.00056730525,0.01
2,1.0531965,0.10617717,0.012044745,0.01,0.024765553,0.001514835,0.0033339756
3,1.0432122,0.10065821,0.00476814,0.0123998625,0.006110113,0.016138539,0.008216177
4,1.1012863,0.21519639,0.00051760534,0.012521821,0.020245748,0.01335606,0.020181179
5,1.023527,0.12664129,0.01,0.0065119634,0.0014896679,0.018295437,0.019345315
6,1.1773328,0.184819,0.003454582,0.049004234,0.053311415,0.01549698,0.006643749
7,1.2545664,0.10710335,0.0033001653,0.01,0.019861532,0.0066105374,1.2821723e-05
8,1.2910718,0.09602819,0.013018122,0.019421335,0.005310901,0.01,0.00734626
9,1.2638607,0.3158372,0.0014623665,0.010644251,0.011973941,0.031592954,0.003414702
10,1.2593138,0.37335828,0.010291566,0.036143806,0.040146086,0.0042983047,0.029158719
11,1.1453022,0.44651744,6.364478e-05,0.012420851,0.0008150425,0.011007456,0.006638181
12,1.4955574,0.33849826,0.018576229,0.0031783462,0.0054226415,0.01293701,0.0120142205
13,1.4356713,0.47141424,0.026734183,0.05314357,0.013240911,0.0058615003,0.018201116
14,1.6259061,0.34285435,0.0025644936,0.006203518,0.013370725,0.0053279744,0.002910818
15,1.4010719,0.5246762,0.02469059,0.0023448328,0.0003863122,0.0110456105,0.0021533843
16,1.6349868,0.40700585,0.006886788,0.045354873,0.0073084873,0.03866956,0.00088683533
17,1.638652,0.44159016,0.005736601,0.011063104,0.020566553,0.060912345,0.0041727885
18,1.8911941,0.40821654,0.011696545,0.0043699513,0.0079059,0.034881964,0.004985805
19,1.6592788,0.5411832,0.011406038,0.016341208,0.00032408125,0.00048602323,0.0063635204
20,1.540247,0.66287756,0.0010026905,0.05522182,0.0007703266,0.0030172896,0.011609075
21,1.4774803,0.6979741,0.0032028342,0.018282192,0.039752413,0.013638065,0.010387892
22,1.9775424,0.395761,0.027266515,0.00863878,0.011230062,0.032710306,0.015890505
23,2.180048,0.10387431,0.005798714,0.009006606,0.0524137,0.0032469172,0.00013232928
24,1.9092156,0.5441856,0.006987424,0.012309505,0.017125325,0.03967118,0.008835211
25,1.7184055,0.6931638,0.015193563,0.008614131,0.0085813245,0.0068870247,0.028420618
26,2.1044915,0.40032586,0.029473878,0.0023993675,0.039144237,0.014271643,0.010978967
27,1.9685891,0.59616977,0.0040663145,0.0001347654,0.0067451736,0.0005116015,0.008997306
28,1.7389374,0.75207776,0.0022156814,0.043951023,0.019998439,0.04297481,0.0067660124
29,2.2152867,0.5623953,0.015726913,0.021853141,0.031874627,0.0033346026,6.997451e-05
30,2.20378,0.618974,0.0063568535,0.0069582136,0.020349832,0.016072946,0.0014998768
31,1.3840213,0.917769,0.004802049,0.017399646,0.0039659836,0.0026156756,0.0013902306
32,2.1721773,0.7346731,0.006265128,0.007347355,0.033520494,0.0034777194,0.04322476
33,1.7475715,0.8074265,0.012515656,0.008913937,0.017263182,0.0024256893,0.012767325
34,1.8440213,0.83460534,0.042834412,0.0049026785,0.00807234,0.0054884064,0.0050313766
35,1.8317412,0.837086,0.0042328415,0.00014606926,0.08271425,0.06690795,0.0039996337
36,2.0476031,0.86705065,2.0348793e-05,0.01426549,0.037482865,0.15785067,0.021249315
37,1.5194455,0.9522285,0.024175573,0.010055611,0.0054257815,0.036939994,0.008461294
38,2.2379942,0.8525975,0.016094888,0.006380723,0.025468092,0.00854603,0.06581208
39,1.9584504,0.9033978,0.0034765499,0.0632306,0.010630835,0.0012787604,0.0033343437
40,1.9846729,0.8976792,0.0133549,0.0075142435,0.017645111,0.027269943,0.038280204
41,1.6657035,0.94293004,0.00087266177,0.008006583,0.07399283,0.0022791948,0.020558339
42,1.6555507,0.9532747,0.00013870925,0.14350481,0.018330999,0.0060021384,0.0060094595
43,2.2506895,0.9070736,0.013314343,0.030580554,0.0018469323,0.015360357,0.0035705648
44,2.1468978,0.94601905,0.003937174,0.027029214,0.0013332588,0.023904588,0.019688815
45,1.2504394,1.1238571,0.008211917,0.0053737513,0.012626066,0.0038303316,0.017807145
46,1.5725771,1.0911713,0.004504319,0.00043738485,0.031556208,0.04979293,0.010718826
47,1.5240765,1.1274238,0.0074386615,0.0124017205,0.0064559965,0.00059986423,0.00034738256
48,2.0268958,0.9775745,0.015034893,0.007778348,0.002333373,0.0014351151,0.014747824
49,1.3359398,1.1976478,0.039789177,0.0095883105,0.069170095,0.05269493,0.0034134837
50,1.6000476,1.1294322,0.010887633,0.0045379675,0.0064231204,0.016730975,0.0024784773
51,1.2820297,1.2060988,0.060840666,0.0051566903,0.005583311,0.015569205,0.0031982665
52,1.4892511,1.2131456,0.094302885,0.11645422,0.03169314,0.011877965,0.034209132
53,2.2542677,0.99751186,0.0014147984,0.0018553849,0.039380945,5.0402192e-05,0.016199585
54,2.0490327,1.0500963,0.07323559,0.004646268,0.014408813,0.0118319485,0.09900503
55,1.6870311,1.1461657,0.026170623,0.024671815,0.004392812,0.021556765,0.07236459
56,1.7790405,1.1296524,0.034412056,0.018197743,0.021594068,0.006652173,0.0142891565
57,1.5743569,1.2560517,0.016430655,0.01291951,0.00029477724,0.004683523,0.0131001035
58,1.8867273,1.0965751,0.010573634,0.06445917,0.009574814,0.057466973,0.015339926
59,2.4072802,1.0228162,0.01905444,0.0016677603,0.053908754,0.04229814,0.04988979
60,1.9404835,1.089696,0.010213623,0.13063842,0.00054396933,0.0036799884,0.00079816615
61,1.8524007,1.1112313,0.005952547,0.0028270637,0.012669517,0.023167277,0.010182999
62,2.234917,1.1009312,5.212832e-05,0.020831665,0.0017511506,0.0034724302,0.0017904098
63,1.8481542,1.164234,0.039129034,0.0021355485,0.027390517,0.0004817477,0.0021351469
64,1.7624377,1.2164996,0.0016215016,0.044775546,0.001398035,0.0400048,0.0075501082
65,1.6316419,1.3283306,0.020495377,0.011361714,0.009511832,0.01026624,0.0018748858
66,1.8454738,1.1794614,0.07074464,0.015478508,0.0035537307,0.0018617823,0.04529743
67,1.3882134,1.4182451,0.0019950792,0.008418378,0.013705323,0.009999042,0.04017588
68,1.4531368,1.3874172,0.075314984,0.0036929615,0.006669753,0.028278105,0.004956785
69,1.919018,1.1557938,0.02335321,0.0014868504,0.0047856984,0.0022728788,0.016064214
70,1.9034786,1.1819671,0.007395331,0.0064868713,0.06288523,0.008151155,0.07610054
71,1.7462668,1.3568649,0.01140951,0.014105918,0.010988566,0.021242335,0.0012662907
72,1.9498417,1.2015694,0.0064491974,0.007561718,0.057869125,0.010764839,0.0022006724
73,2.1277127,1.1980482,0.053545866,0.018757196,0.006841699,0.108522184,0.0008300338
74,2.120488,1.197947,0.043253798,0.0023942234,0.014776707,0.0049220375,0.0121142315
75,2.2658083,1.1860429,0.009026035,0.036560588,0.005751991,0.0039955084,0.0041320794
76,2.2879357,1.1909132,0.024793517,0.027088676,0.02560412,0.008972137,0.02636
77,1.8558954,1.3080592,0.0052217883,0.018560719,0.009620807,0.0117943995,0.035135902
78,1.3573081,1.5563277,0.009526077,0.010067847,0.020459516,0.027147362,0.050812233
79,2.4585373,1.2222428,0.0017959746,0.0102461185,0.0031636364,0.0072172135,0.0035806089
80,2.4255285,1.2329825,0.08993168,0.014511951,0.026773158,0.027841374,0.00022195512
81,2.0062883,1.3198096,0.024527198,0.0051862854,0.030501526,0.02574472,0.0034200284
82,2.449506,1.2498248,0.0049746004,0.041707434,0.023088047,0.002107104,0.0038032075
83,1.8250817,1.388308,0.045218717,0.021564538,0.016888017,0.05229949,0.009798516
84,2.2484317,1.2939194,0.016591031,0.01835087,0.016395677,0.00095838076,0.016542288
85,1.7671365,1.436462,0.003954112,0.012916542,0.0004198166,0.00064643595,0.03379821
86,1.5747478,1.5455761,0.007449167,0.08357614,0.0016508064,0.015963733,0.003982319
87,2.6304965,1.2458718,0.02320438,0.009048047,0.0020366844,0.022505885,0.032639842
88,1.8635627,1.4077564,0.0084214145,0.013098543,0.007261664,0.07446356,0.08404121
89,2.2952979,1.3232353,0.011248937,3.6090598e-06,0.0021762345,0.0002827078,0.00063215947
90,1.7372321,1.4790152,0.0006087224,0.014458978,0.00089628086,0.0016466418,0.00087387196
91,2.000936,1.3804237,0.022757402,0.012048461,0.018461043,0.0022703013,0.07469717
92,2.2390418,1.3460022,0.05729728,0.031829316,0.012222148,0.035694808,0.04977421
93,1.9324279,1.4016898,0.02273652,0.005214333,0.0058175432,0.14103954,0.003692802
94,1.8803506,1.4097797,0.15464517,0.010365615,0.01338135,0.0034984953,0.011657229
95,1.6443768,1.5334713,0.0035698544,0.009358891,0.118286744,0.05597723,0.009583463
96,2.141974,1.3522214,0.0039175283,0.00010097947,0.027090807,0.0044615725,0.030229533
97,2.362537,1.3618959,0.022744613,0.016265336,0.008213955,0.0047843033,0.04412221
98,1.4267862,1.6606112,0.0009799151,0.056175232,0.033166107,0.0201216,0.0022922272
99,1.899811,1.4128394,0.04490629,0.015182903,0.0035550268,0.18055724,0.082800664
100,2.0421212,1.4036053,0.015034655,0.014250893,0.04615923,0.007540942,0.0006401101
101,1.9884115,1.4171777,0.00939933,0.031096898,0.0053085545,0.00019696898,0.09794166
102,2.2850618,1.4201415,0.01368461,0.0119540235,0.11066824,0.0047364156,0.0035584653
103,1.8070815,1.5032029,0.008970821,0.013374443,0.0012844705,0.083143964,0.0060579246
104,1.405078,1.6992142,0.018270386,0.06529088,0.050159037,0.02852663,0.022148846
105,2.1322026,1.4192605,0.026494823,0.00022062258,0.00027207544,0.002987698,0.001395065
106,1.5828793,1.615786,0.12081424,0.024026068,0.017233346,0.001857216,0.013749582
107,2.2162418,1.4642113,0.016364668,0.0346915,0.022007782,0.0019171216,0.023722777
108,2.4306765,1.4869133,0.013804213,0.025735395,0.0017953464,0.0068923393,0.037629846
109,2.1731577,1.4382466,0.2895655,0.0039346875,0.014082408,0.00085687597,0.13838923
110,2.103105,1.4773978,0.08705453,0.014568485,0.0987383,0.012877883,0.006964578
111,2.1721065,1.367237,0.42640722,0.005244871,0.009102843,0.0009166118,0.022428993
112,1.5325955,1.7125267,0.0073102945,0.0158804,0.00029297857,0.00044987196,0.013799884
113,1.9899487,1.5288503,0.005302733,0.0036166564,0.018391227,0.07718622,0.0017823479
114,2.1737344,1.4979179,0.15302914,0.00903377,0.011850453,0.00033190366,0.010120735
115,2.7654076,1.52944,0.040912848,0.007857608,0.011363407,0.0016998315,0.0077841966
116,2.0549047,1.51321,0.015936883,0.007977025,0.043981228,3.1634981e-06,0.0012722049
117,1.634055,1.6522694,0.0060962318,0.0011898024,0.036630396,0.09918637,0.013253698
118,2.312342,1.547224,0.017598154,0.0029782688,0.012895134,0.00372063,0.014999354
119,1.9211559,1.497022,0.26580173,0.0793665,0.006686124,0.0010134559,0.0074574873
120,1.9057398,1.5794426,0.0697056,0.050498474,0.0052985945,0.003031785,0.0055752043
121,1.6948699,1.6424385,0.011919662,0.00014074183,0.057997376,0.009876818,0.005965166
122,1.5959855,1.7254136,0.014151426,0.007501339,0.008212155,0.019902304,0.010227726
123,3.2409348,1.6491464,0.017474348,0.015705183,0.0011969237,0.03837316,0.0055451193
124,2.3951478,1.632637,0.015250117,0.0055501712,0.021740446,0.001161977,0.0011528842
125,1.8378713,1.6417265,0.0023338748,0.034848303,0.003417598,0.016114026,0.031776365
126,2.2696877,1.6104965,0.04085223,0.00621536,0.0010398496,0.009738838,0.025565995
127,1.9481537,1.613907,0.08684514,0.0043521975,0.024624657,0.0054405686,0.0067005185
128,1.7668378,1.6595126,0.0329955,0.0055491338,0.011089886,0.023256639,0.0038611977
129,1.7261364,1.7043154,0.023084585,0.0011243733,0.0054406794,0.0064639365,0.048274826
130,1.7684735,1.6837934,0.044981826,0.0021332907,0.0014737961,0.008561513,0.011765471
131,2.7263122,1.4969356,0.52700555,0.009424114,0.09357199,0.03838968,0.003347365
132,2.8787146,1.8027183,0.021154044,0.049843322,0.013868018,0.04917155,0.025660295
133,2.566593,1.6897981,0.013495315,0.003283921,0.003463838,0.0005829722,0.118423104
134,1.890895,1.6476958,0.024346892,0.002721461,0.087336056,0.017077213,0.04286625
135,2.0976079,1.6116781,0.0051321504,0.014000102,0.014738819,0.0023079524,0.011983288
136,2.5149128,1.6886454,0.03548564,0.018876143,0.0019346231,0.026018143,0.0055545573
137,1.8843765,1.6386678,0.005512235,0.008888103,0.0015549592,0.010465334,0.15300126
138,1.9992731,1.6323707,0.008573589,0.008116446,0.058538362,0.0022873592,0.0025880742
139,2.0977285,1.6287394,0.025446149,0.021012967,0.003457625,0.034100775,0.0038961363
140,2.4757097,1.7228317,0.024497392,0.0054993215,0.0028152307,0.011599195,0.0009161756
141,2.2526896,1.6577767,0.004935904,0.0027493245,0.014834337,0.002396978,0.0019001786
142,2.6572146,1.805509,0.014184125,0.010765103,0.051225696,0.008707896,0.016332783
143,1.7696381,1.7617344,0.0060640443,0.0003347626,0.041120395,0.024229223,0.103265375
144,2.0179343,1.6621331,0.05142795,0.0013769182,0.040788244,0.014028962,0.10482643
145,1.9946296,1.6618701,0.046174362,0.011149808,0.04496541,0.0017141481,0.0018762611
146,1.9718112,1.6895363,0.065562926,0.004232132,0.025615811,0.04632746,0.052519046
147,1.6831447,1.8381867,0.0006758809,0.0024405848,0.004523918,0.0038729124,0.0110973045
148,2.878694,2.1555297,0.020467056,0.02902325,0.013985903,0.010515515,0.0005080414
149,1.5836972,1.9163786,0.0046170424,0.03394077,0.008077021,0.019442987,0.0019246533
150,1.6489407,1.5991482,0.35393262,0.007902962,0.03209815,0.019343626,0.012650527
151,1.7938733,1.7951162,0.01834985,0.04010289,0.009705697,0.018057564,0.040645253
152,1.6948872,1.8344268,0.020162283,0.0070549655,0.03215174,0.059085373,0.016475843
153,1.7723498,1.8023345,0.029256575,0.015405338,0.0021074798,0.007329084,0.011341647
154,2.6251225,2.0098155,0.0028252613,0.0059854034,0.03277052,0.022898287,0.025582401
155,1.5189537,1.9983853,0.034688093,0.043313887,0.0053613097,0.00042992004,0.0019095356
156,1.9819157,1.74703,0.0040719328,0.009358741,0.0055467878,0.03763419,0.018422693
157,2.421335,1.8577323,0.022854427,0.010860187,0.0042811083,0.01552532,0.009195218
158,1.8793695,1.7689687,0.0011114731,0.031516917,0.009702543,0.0020079103,0.011541919
159,2.0934052,1.7498271,0.005026742,0.030032504,0.00012404959,0.0036251328,0.0006871147
160,1.9170842,1.7540554,0.05496245,0.0010930395,0.01958667,0.0077987006,0.0025251864
161,2.2351592,1.7588028,0.0002481243,0.022026187,0.004469293,0.0115591055,0.017364632
162,1.8421322,1.7987274,0.007855518,0.0200366,0.017872183,0.0068888688,0.0075055226
163,2.1104844,1.7370937,0.022641385,0.0134114055,0.0046642106,0.0021313648,0.006580807
164,1.6442984,1.9599711,0.05631331,0.004865779,0.057095014,0.07455516,0.0031912054
165,2.5090346,1.9905219,0.19172637,0.0026024473,0.009513472,0.0048053404,0.0031880152
166,1.9898678,1.8026348,0.024680918,0.0047745993,0.050362356,0.00032602245,0.00031081974
167,1.5120524,2.2394712,0.031689685,0.06651741,0.018904867,0.0060178405,0.04518099
168,2.336881,1.9107794,0.03896715,0.07064417,0.017853204,0.15247846,0.00015651982
169,2.5479724,2.3009896,0.04814423,0.0035593675,0.02986578,0.02393775,0.010099401
170,1.7555361,2.3894775,0.044023443,0.012989471,0.027018152,0.018801235,0.0001535543
171,1.8680954,2.6643984,0.04449048,0.011385199,0.0030560028,0.0018008302,0.04571291
172,1.9768858,1.701599,0.3418993,0.06960041,0.009533044,0.001104654,0.006379681
173,3.0445764,1.7880613,0.5901158,0.0032337038,0.0010536329,0.0031060942,0.026377957
174,1.806092,2.3466756,0.01721993,0.006074873,0.001482265,0.0049122153,0.021756954
175,1.9572237,2.506069,0.06641772,0.039510224,0.006606433,0.015413718,0.009289088
176,2.426134,2.0839708,0.14361356,0.0092994105,0.0066846227,0.07350719,0.0050841155
177,1.9107145,1.7882341,0.02196652,0.18418597,0.03184626,0.00238795,0.0035814245
178,2.0890949,1.8379437,0.013736971,0.02047552,0.007033808,0.020496218,0.0017166927
179,2.119498,2.3702915,0.05871181,0.006809016,0.032247253,0.0003993951,0.00039180793
180,2.1980703,2.3283927,0.0045191227,0.0012464225,0.0021405725,0.007893506,0.0077577094
181,2.1515768,2.381017,0.008874687,0.006071753,0.002492016,0.026834032,0.024470888
182,2.3471146,2.4206555,0.07473977,0.0056015863,0.0058307745,0.041215885,0.0015823549
183,1.9668102,1.8272483,0.027651967,0.032428082,0.01923869,0.034141093,0.0051515377
184,2.3353136,1.9919857,0.05119881,0.0052875318,0.0034255888,0.00021447646,0.0031145704
185,2.1457007,1.7542375,0.39934653,0.05113037,0.040372193,0.0014759381,0.04756423
186,2.3800056,2.0933197,0.018096028,0.02965808,0.017244104,0.006752169,0.05937576
187,2.3505032,1.9762135,0.14305052,0.01925642,0.12707238,0.0077839927,0.0002974706
188,1.9751639,1.8310376,0.008481306,0.013241986,0.0007721168,0.024549825,0.0033537736
189,2.126304,1.8536704,0.058866028,0.040524993,0.0005606043,0.018254,0.025093742
190,2.4399028,1.9406282,0.43149674,0.02224893,0.007045087,0.013731842,0.0144693265
191,1.1936644,2.0030649,0.49182653,0.004559262,0.0024983578,0.0027479476,0.017454699
192,1.6943916,2.2979193,0.2177852,0.0077020456,0.03192669,0.034769733,0.08971671
193,2.2993054,2.176575,0.0071609546,0.0020433578,0.0035538767,0.007108787,0.004627091
194,1.9894298,1.8582672,0.00057763123,0.004891349,0.0021202904,0.00043624867,0.0050202566
195,1.8601694,2.2445924,0.10526961,0.015444745,0.00276178,0.015371092,0.0017465634
196,2.2946885,2.1252503,0.01588626,0.003865819,0.000764418,0.00012844014,0.017055893
197,2.4104862,2.2404866,0.3330835,0.023361484,0.0032185174,0.015451895,0.006089703
198,1.860139,2.157699,0.018413616,0.018352326,0.0034963698,0.0011803237,0.0052056666
199,1.8004072,2.0864394,0.0056109554,0.02371326,0.0040312284,0.0019212811,0.0047602775
200,2.045231,2.1956055,0.00071168516,0.014007932,0.010097854,0.008666533,0.0076085706
201,1.7633332,2.0641868,0.14609854,0.0021094014,0.0077299885,0.015670568,0.004912034
202,2.473362,2.359759,0.46837255,0.0042983773,0.02254604,0.009428934,0.004141056
203,1.7922096,1.9694686,0.028471477,0.00844216,0.0095516015,0.012169112,0.008882472
204,1.7591372,2.0869825,0.19756249,0.019069303,0.0062717907,0.003242116,0.030787952
205,1.8010652,2.0362258,0.051112026,0.0046138796,0.022385102,0.009313266,0.005854768
206,1.8591386,1.9640305,0.018569242,0.10941832,0.0050502624,0.04054653,0.00058966613
207,2.1404297,2.1322198,0.027182652,0.0048215203,0.0011866398,0.014083447,0.067062035
208,1.8000807,1.9252646,0.20407332,0.00039111596,0.006314827,0.030127242,0.02400413
209,1.8647169,2.0428858,0.007894379,0.006182637,0.0073219826,0.012597169,0.015030575
210,1.9561018,2.139991,0.094507374,0.0011280068,0.0044380883,0.111240365,0.021581942
211,1.8264761,1.9944146,0.07531448,0.018866818,0.035299778,0.0050198114,0.026423916
212,2.5264606,1.7972378,0.6183401,0.004943325,0.002174326,0.0027789187,0.2538651
213,2.1005328,1.9717261,0.018017814,0.020605123,0.0068719657,0.000916839,0.0018665296
214,1.9930657,1.9026005,0.11982142,0.046297,0.037833285,0.0025832178,0.01808883
215,1.9774405,2.0994015,0.083415985,0.008364671,0.00902197,0.023777537,0.008716808
216,2.0150528,2.0814562,0.020390598,0.009880321,0.0057830894,0.029889233,0.016566366
217,2.076118,1.926305,0.05103757,0.004019565,0.0011466568,0.005109895,0.006684025
218,1.8797591,2.048549,0.067755744,0.0018862895,0.006214746,0.014112693,0.13857058
219,1.9618514,2.04934,0.0038928927,0.008569203,0.017715469,0.0066788094,0.018474933
220,2.115622,2.1167638,0.29814646,0.010429716,0.007995615,0.016238293,0.030946076
221,2.042796,1.9834038,0.00082101976,0.18245894,0.0032813442,0.01650492,0.0019172269
222,2.2293427,2.2286503,0.4272626,0.029249437,0.01650152,0.0079348115,0.024677975
223,1.9930193,1.9359344,0.14590324,0.052043006,0.024701541,0.036325805,0.007710719
224,1.951743,1.9762741,0.0048772893,0.002640369,0.0030911025,0.004563673,0.0037267506
225,2.1457934,2.0725896,0.38164634,0.010541209,0.00072516996,0.0027481471,0.007900056
226,2.0959678,1.9902116,0.41340274,0.054980956,0.00075262587,0.033585437,0.0057539344
227,1.8846633,1.9110374,0.3727805,0.052522242,0.0065405304,0.0032927801,0.08741065
228,2.201885,1.9847813,0.57236016,0.014983851,0.015243033,0.068622194,0.0235054
229,1.6722895,1.8811392,0.4702688,0.022296205,0.0001872784,0.023959728,0.02647452
230,2.0296412,2.1067052,0.5080223,0.012508524,0.014097321,0.015249116,0.0016960517
231,1.727083,1.7756636,0.57361645,0.00674529,0.008619558,0.008912872,0.0009981081
232,1.5975295,1.924003,0.567933,0.0024004558,0.008963993,0.003294533,0.023945158
233,1.6532568,2.0652595,0.66883165,0.012830308,0.017702539,0.0060771084,0.0076590874
234,2.2963696,2.2516372,0.77248764,0.0030341097,0.009488023,0.010105722,0.0817194
235,1.7021798,1.6102654,0.7711594,0.0058208783,0.025454005,0.089949094,0.0051106177
236,2.3457022,1.8654528,0.9291777,0.0033232272,0.008387464,0.02633757,0.0010130492
237,1.7882932,1.4246068,0.9073175,0.006830278,0.013511312,0.039127715,0.004486465
238,1.7623646,1.6690588,0.941166,0.0016025441,0.0054973504,0.026350308,0.0007691702
239,1.3233074,1.7891253,1.0988333,0.0017423911,0.002640669,0.023707325,0.0029402596
240,1.7488565,1.8176214,0.9903435,0.04293357,0.07034358,0.21604823,0.02127954
241,1.588775,2.436955,0.9404737,0.00026127315,0.004798959,0.13718617,0.1935413
242,2.699269,1.7890445,1.1458116,0.153314,0.040101077,0.001361847,0.015756764
243,1.5647535,1.4943238,0.99756354,0.042745013,0.15044595,0.013591083,0.008230879
244,1.5868567,1.6550046,1.096477,0.006783301,0.0081538055,0.05708216,0.060949024
245,1.3634915,1.2976388,1.1244956,0.013264339,0.0022808933,0.036631454,0.0012191825
246,1.8490173,1.8269559,1.1439832,0.004767808,0.022351978,0.013344257,0.006917719
247,2.0297744,2.1963,1.1054846,0.001188973,0.020805059,0.0439067,0.0030689063
248,1.5069382,1.7022687,1.1818402,0.021440454,0.009805507,0.0006857393,0.00076976646
249,1.9666324,1.764849,1.1209058,0.027191224,0.06574027,0.020120792,0.0074105035
250,1.8082867,2.2930086,1.0301762,0.038847383,0.00072745496,0.022803795,0.01009902
251,1.9405626,1.7715601,1.1123872,0.043120343,0.046245698,0.05612503,0.005163018
252,1.7460226,1.6392248,1.1812243,0.002653479,0.008471768,0.014782973,0.012855596
253,2.2699304,1.9753835,1.1391015,0.014069953,0.04177064,0.042017605,0.006909381
254,2.0432277,2.1164088,1.1718264,0.020431468,0.04502088,0.0019224052,0.032695625
255,2.1926808,2.410945,1.1050099,0.00042333873,0.009145851,0.006886827,0.0097288815
256,1.8254101,1.8646836,1.2342294,0.10958754,0.0061620683,0.003583752,0.027596282
257,1.678847,1.6472462,1.3222227,0.010949551,0.0046225847,0.00046330833,0.0008525078
258,2.0709848,2.2123048,1.2180288,0.0012905247,0.0023152032,0.017392294,0.010940992
259,2.1542115,1.6075308,1.1830103,0.017525572,0.0017976726,0.000304566,0.0007919124
260,1.7957939,1.6289178,1.3670809,0.00988441,0.007916187,0.0005680512,0.007670194
261,1.5331097,1.8043798,1.3836339,0.012976933,0.09508567,0.013610551,0.0028845244
262,2.6498423,1.9240863,1.3146012,0.020528859,0.0034490486,0.11558197,0.0029598286
263,1.848273,2.0505612,1.2822376,0.009869287,0.119256906,0.008910821,0.0035685557
264,2.082339,2.0371437,1.3295852,0.024845768,0.056785658,0.027278734,0.024738109
265,1.8451109,1.6862686,1.3856597,0.059421588,0.030368067,0.012561271,0.01883386
266,1.7579348,1.8910296,1.3867539,0.00836577,0.009243278,0.020335661,0.022377858
267,1.7600139,2.4604821,1.1732334,0.009364348,0.0043971203,0.010822396,0.005693247
268,1.558556,1.9531335,1.2371002,0.35486877,0.044988737,0.08888329,0.00718461
269,1.8542588,1.5935814,1.453151,0.0022038952,0.030100605,0.0206835,0.050934836
270,2.54902,2.007832,1.3543189,0.17741257,0.012464877,0.011296717,0.002268776
271,1.7011185,1.4956708,1.3891212,0.28902492,0.0031481518,0.029176945,0.0026557283
272,1.8506812,2.3267655,1.2888759,0.018953942,0.06867247,0.011951485,0.00049856486
273,1.761089,1.5134016,1.542025,0.032818653,0.08248804,0.012755468,0.008696191
274,2.0208147,2.0018084,1.44333,0.00028981807,0.024025073,0.032434333,0.0024429508
275,1.8735722,1.9067873,1.4448692,0.028931974,0.009424706,0.05588622,0.00983221
276,1.8313056,1.6791413,1.4954616,0.034816187,0.018376758,0.008888518,0.068584196
277,2.148198,1.6933157,1.4827663,0.0042879176,1.3258583e-05,0.0009185782,0.030216603
278,2.267555,1.8292947,1.4760501,0.067286745,0.0024707124,0.00030903076,0.0020481965
279,1.8439647,2.4091933,1.4156365,0.00779818,0.0116789425,0.054729715,0.0066222823
280,2.1823964,1.3720517,1.367929,0.34482723,0.001193547,0.095305756,0.14907877
281,1.9525791,1.7652508,1.4937648,0.0008527297,0.01587272,0.042244177,0.023001345
282,1.5884799,1.9575237,1.4795383,0.06596583,0.024905179,0.08586617,0.015904697
283,2.0030227,2.237082,1.4948633,0.0007120265,7.626909e-05,0.00327331,0.0065204566
284,2.7226503,2.3009624,1.4745003,0.024899924,0.0028412081,0.10265482,0.009855011
285,1.4904804,2.6232128,1.3643696,0.0007817328,0.013375962,0.015497419,0.034013487
286,2.297654,1.7207874,1.5703034,0.0150343785,0.00017221805,0.010436876,0.01920508
287,2.326713,1.5298795,1.5623085,0.008281046,0.005092656,0.0036149244,0.06599184
288,2.1327162,1.3999008,1.5720459,0.16621518,0.021671377,0.03805358,0.0042424025
289,1.7587318,1.5304565,1.6419619,0.013070459,0.016758911,0.003855376,0.039701395
290,2.0028799,1.711709,1.5610316,0.007156163,0.00033692006,0.006919892,0.02955446
291,1.8431982,1.5771078,1.6399552,0.028288895,0.008500578,0.0010171717,0.04390297
292,1.7182753,1.8011017,1.6076931,0.014563395,0.033857696,0.033593286,0.0052551795
293,2.0152771,1.897689,1.5628016,0.031359922,0.0040455367,0.034675073,0.015406287
294,1.8782694,1.7928886,1.2664785,0.40940124,0.017543746,0.025350507,0.010378504
295,1.8744038,2.0233924,1.5557861,0.001943047,0.0012140459,0.007886766,0.0021988624
296,1.5644097,1.5465164,1.5763035,0.27131593,0.0024723264,0.00719677,0.0042416165
297,2.6329126,1.7128367,1.666872,0.0031333342,0.015438823,0.028742936,0.0016272576
298,2.3646705,2.0772202,1.6079268,0.008766619,0.032431543,0.0005628102,0.004212995
299,2.0050466,1.9251342,1.5868909,0.013461919,0.00578812,0.0016016919,0.03378245
300,1.956747,1.8980863,1.5709974,0.09121149,0.010039266,0.0036452976,0.005487307
301,2.2567742,1.7508894,1.6570897,0.005657933,0.035797834,0.020054283,0.02336719
302,2.569866,1.759927,1.7397318,0.029712917,0.033078115,3.6566616e-05,0.13690233
303,2.0636296,1.0952586,1.5839179,0.3503827,0.012087379,0.0010522732,0.034554888
304,2.2263079,2.1462505,1.6332961,0.0051251566,0.024715217,0.001763884,0.04952171
305,1.7174429,2.4276216,1.5591686,0.011144336,0.0049516205,0.0033011565,0.0067548393
306,2.362213,1.926995,1.6638777,0.07072903,0.013882266,0.10794007,0.0007038473
307,2.61294,1.6704147,1.7652214,0.03985211,0.001433163,0.00526881,0.0025352964
308,2.1688278,1.7566199,1.6611824,0.007096748,0.06411877,0.016787644,0.013434047
309,2.2911174,1.6607428,1.7490764,0.15525422,0.02093472,0.06595999,0.026206503
310,2.06484,1.8484418,1.671143,0.054311927,0.03104829,0.044903383,0.012176218
311,2.5318468,2.0070295,1.7782742,0.0028340453,0.00093383406,0.009721499,0.006895986
312,1.767814,1.5391604,1.7845563,0.109988265,0.017348114,0.006162957,0.006304967
313,2.0348463,1.6395687,1.756998,0.113186084,0.0010273253,0.021058189,0.0055800327
314,2.1744485,2.5761068,1.6555617,0.025032457,0.0031071838,0.0062774145,0.004001892
315,1.755424,2.9237506,1.5310605,0.20391686,0.0025560916,0.008591068,0.03258147
316,1.9878218,1.9810729,1.6684254,0.001065388,0.017297978,0.020535905,0.012670241
317,1.853643,3.1864836,1.6449364,0.14409557,0.004000377,0.0014271307,0.01249781
318,1.7306218,2.0692496,1.674447,0.01804398,0.05200267,0.007769085,0.018488146
319,2.1247904,1.9174981,1.7277368,0.005462868,0.0034042702,0.092822775,0.000116898584
320,1.8962533,1.5905131,1.8297814,0.014952234,0.014229019,0.003469313,0.047983672
321,2.1163769,2.5690536,1.6970592,0.08892997,0.010212483,0.000269436,0.0012787377
322,2.0794647,1.7295104,1.8167979,0.021311209,0.08236752,0.018528832,0.0077901543
323,2.6917372,1.614806,1.8756995,0.024197647,0.0063086995,0.0063752,0.06471925
324,2.6188047,1.4087949,1.7388601,0.46150613,0.0408284,0.06730006,0.13081554
325,1.6843647,2.246091,1.6555085,0.01731322,0.011266433,0.014444809,0.027361032
326,1.681711,1.9298036,1.7125763,0.15313143,0.0038091883,0.049521618,0.005006534
327,1.6586,1.9587419,1.6938764,0.07365737,0.021380788,0.0061092325,0.011081524
328,2.5262153,2.2438605,1.8264537,0.006514513,0.02664524,0.024216099,0.008124325
329,1.6947334,2.2321875,1.6967258,0.0014099206,0.0034837683,0.027356498,0.0021247296
330,1.6686399,1.7806029,1.8022673,0.06132841,0.0068256734,0.01578603,0.0029003809
331,1.803474,2.3567653,1.6800404,0.031340014,0.028720176,0.011120862,0.006167225
332,2.874177,1.6418494,2.0021427,0.034072828,0.018180372,0.04778906,0.035362836
333,1.5628841,2.8049052,1.8304584,0.00027748206,0.010223156,0.0058767316,0.023054007
334,1.542108,2.2759113,1.7122304,0.04409411,0.026057113,0.0034483254,0.018870566
335,2.1577659,2.1053588,1.7572025,0.012030755,0.06516476,0.010355382,0.0037795398
336,1.7763846,3.162964,1.8625591,0.32332817,0.0001813925,0.009860534,0.0040332847
337,2.4059918,2.070286,1.8927202,0.11473225,0.012768473,0.010070361,0.009020949
338,2.1511073,2.3343906,1.8321272,0.0010217467,0.0060740015,0.0003209417,0.0018622578
339,1.7817514,1.5965067,1.7852502,0.29747185,0.0011938716,0.004428654,0.029560095
340,1.5014079,2.294296,1.7922819,0.03999945,0.030400557,0.015647795,0.0019694446
341,2.4416344,2.5336895,1.9332408,0.0458882,0.025754493,0.10315322,0.124691404
342,2.1664293,2.3563147,1.7923409,0.072089545,0.0030315462,0.0068629934,0.008874419
343,1.7328472,2.0068328,1.7889547,0.007949893,0.006829775,0.0052506113,0.02744129
344,2.1411922,1.7190889,1.9731601,0.054120976,0.0031131734,0.050054505,0.0056074727
345,1.4152657,2.1133857,1.7813562,0.062118523,0.00033326627,0.034317125,0.027269622
346,2.0277731,2.015919,1.8521994,0.09150527,0.015477891,0.067693666,0.007751238
347,1.791354,2.4686422,1.8822713,0.10166589,0.0013150497,0.0036546115,0.0009103803
348,2.4400623,1.7600181,2.120572,0.005308017,0.0011799469,0.008005988,0.003397261
349,2.5176582,2.5145643,1.9516292,0.06409687,0.015201986,0.013160448,0.00076555647
350,2.0290143,1.8274504,1.935845,0.019922651,0.0033526963,0.024319807,0.0059642163
351,2.111912,1.8335081,1.943284,0.0023033153,0.008020722,0.012836915,0.021224037
352,2.200692,2.4526584,1.5986474,0.43169492,0.014893898,0.0291259,0.002344269
353,2.0225744,2.1940224,1.7876163,0.14366299,0.016227521,0.12196341,0.008939589
354,1.8521366,2.3193636,1.8904332,0.06162705,0.024477808,0.034610514,0.0140231205
355,2.0644035,2.7558277,1.9893817,0.05998288,0.0027883558,0.0021505922,0.00039011773
356,1.3276254,1.8482412,1.9754782,0.005856858,0.050038774,0.01729244,0.006892493
357,1.7777582,1.6696774,1.9902201,0.15341897,0.0031842815,0.047369324,0.0071468777
358,1.8612202,1.7814872,1.8742577,0.20272945,0.08710249,0.009258654,0.0092726685
359,2.4547834,1.8257127,2.287686,0.04882352,0.007353416,0.054372773,0.006460974
360,1.9343281,2.4165506,1.8006543,0.19565526,0.015067538,0.0056690644,0.0047667013
361,1.9384649,2.4740455,1.983054,0.003988724,0.018799357,0.04372038,0.0012296871
362,2.5427573,2.148165,2.141969,0.12844662,0.00089654385,0.031480037,0.022788338
363,3.0527894,1.5238792,1.8690878,0.5535355,0.008754579,0.00212442,0.04126171
364,1.6454552,2.2539055,1.907037,0.010958552,0.02103857,0.024015883,0.018495731
365,2.3364992,2.0424664,2.053602,0.0748373,0.0019486311,0.015439719,0.006163547
366,2.0845816,1.8159963,2.057632,0.010357894,0.0029793917,0.0017461808,0.0018370498
367,2.332057,1.9519056,2.0888753,0.1026663,0.08617356,0.00049044954,0.00050439493
368,2.4097624,1.6557269,2.5439553,0.01203808,0.00047926605,7.80445e-05,0.110652626
369,2.021293,1.8812852,2.0641875,0.028943073,0.022304747,0.040998865,0.014654327
370,2.4114423,1.7758759,2.4915495,0.042624213,0.000778926,0.008478693,0.006385157
371,2.1124008,1.848501,2.1117868,0.018769072,0.009810434,0.009550883,0.0026045283
372,2.863894,1.7487433,2.0167603,0.4738502,0.039867144,0.032356177,0.009150272
373,2.3008516,2.2047362,2.1688225,0.0045549953,0.020710364,0.001502696,0.014043043
374,1.6673292,2.2408545,2.0123575,0.022619285,0.009467215,0.0006776992,0.00439061
375,1.3823047,1.9307264,2.110956,0.13282356,0.0043151993,0.0004435369,0.015560487
376,1.7605014,1.869087,2.0445447,0.0890297,0.015807088,0.01142142,0.11462546
377,1.7671928,1.9085526,2.0692043,0.012005845,0.009587283,0.09224561,0.028368214
378,1.4453342,2.012319,2.012431,0.16627368,0.028289232,0.07106027,0.011053876
379,1.9739357,2.0516734,2.0763016,0.011359267,0.003654422,0.012131043,0.07546342
380,2.2871373,2.027692,2.0357478,0.16229354,0.022763036,0.0025688394,0.0056356005
381,2.2604363,1.589075,2.1496987,0.27833343,0.005356136,0.007013481,0.003398166
382,1.8804492,2.2298758,2.071338,0.045291726,0.024475304,0.12080439,0.01898294
383,1.8556406,2.111736,1.4375484,0.46320277,0.0007919331,0.009761305,0.0068308585
384,2.3590863,2.2600265,2.4129412,0.081601664,0.07990977,0.0019226267,0.027252471
385,1.5329523,1.2611228,2.585648,0.033381753,0.000700127,0.021608863,0.14018662
386,1.6079947,2.2371333,1.9465864,0.24151926,0.00056588976,0.0061841463,0.008822455
387,1.7439392,2.2391527,2.125809,0.08593334,0.0036316146,0.027577395,0.008400798
388,1.7983716,2.2664268,2.1606038,0.06969748,0.012351852,0.0054787844,0.048508313
389,1.524272,2.041515,2.1159117,0.28699252,0.044238064,0.0066163093,0.027653186
390,1.8620977,2.4397113,2.3790298,0.00041366727,0.030184442,0.0016821186,0.008636807
391,1.4624238,1.8029691,1.6861199,0.56797606,0.0237189,0.033836763,0.033444855
392,1.5381466,2.0249553,2.5448112,0.07128145,0.0030766285,0.029722195,0.030565979
393,1.6473594,2.059147,2.4720962,0.17199604,0.12192515,0.014345277,0.0044006836
394,2.3933003,2.2550895,2.6656983,0.32615012,0.06251034,0.0179142,0.0013901723
395,1.9345194,2.429477,2.5378716,0.15822434,0.010701893,0.0020564205,0.010456747
396,2.0213177,1.7438711,2.2834406,0.480895,0.001944312,0.003529187,0.0046562753
397,1.8208181,2.0094326,1.5486965,0.61708975,0.007507793,0.00097473577,0.005322135
398,1.5969777,2.1092,2.531103,0.52951753,0.001974551,0.0077867443,0.00023510608
399,1.7351311,1.328629,1.9863178,0.60641694,0.002411745,0.08377275,0.19267038
400,1.8961298,2.3236413,1.6344368,0.62914336,0.057767317,0.02420627,0.023659859
401,2.4147954,2.380473,1.9272449,0.66715384,0.023629984,0.006207759,0.0016304606
402,2.0597386,2.2799249,2.2854054,0.6218221,0.046332,0.012082206,0.0002702455
403,1.9857891,2.5454614,2.399186,0.6604939,0.00162375,0.0039320416,0.036748067
404,1.6517777,2.2599702,2.2380526,0.65758723,0.00040000398,0.0036786655,0.02119951
405,1.9384136,2.0387092,2.3166919,0.6099257,0.010519072,0.007842908,0.004773458
406,2.238473,2.0077083,1.9994137,0.64495504,0.017467152,0.056980148,0.022594776
407,1.7508223,2.217695,1.9448565,0.7560317,0.017586395,0.0058783707,0.00496644
408,1.7361358,1.7077804,1.4449264,0.8287469,0.005214546,0.010428306,0.0012820471
409,2.193159,1.8071058,1.9766425,0.7224145,0.0839867,0.023572974,0.004846082
410,1.7489197,1.7101269,1.9957149,0.7703047,0.002601042,0.049442466,0.02379325
411,1.7676126,2.1807413,1.6975758,0.79922676,0.014689687,0.007985577,0.03386086
412,1.965536,2.204063,1.6453996,0.8224686,0.006191296,0.012248088,0.009343195
413,2.3373196,1.7647386,2.150362,0.84678227,0.0003395742,0.0024478077,0.019711882
414,1.5071009,1.488331,2.0259187,0.89886445,0.013263549,0.0014112534,0.022423692
415,1.6843756,1.9906589,1.8093293,0.86954075,0.01473999,0.013714842,0.013520798
416,2.0200026,1.9959711,1.3996762,0.96414816,0.007497978,0.052884538,0.0061326106
417,1.9315438,2.0803494,3.0036042,0.83242655,0.0095544895,9.634717e-05,0.015810352
418,2.1660297,2.1550872,2.0867846,0.903228,0.02382577,0.00026236495,0.0019976862
419,1.883615,1.6340252,1.9357246,0.9400229,0.007754825,0.0118779875,0.0006656072
420,2.059771,2.0160658,1.6935464,0.9960508,0.024963336,0.0022738224,0.00083322264
421,1.8880475,1.7843597,2.0729587,1.0202,0.026227389,0.027593568,0.014699121
422,1.9392446,1.3378211,1.6867774,1.0117714,0.02226241,0.006219761,0.049722437
423,2.064748,2.300667,2.0179713,0.988324,0.0003995379,0.005879051,0.005173328
424,1.9545208,1.4329793,2.2995346,1.0328032,0.004430054,0.066217765,0.002453182
425,2.2756872,1.9806207,1.9876051,1.0832045,0.010879781,0.010732063,0.0010148899
426,1.9860942,1.7381359,1.0836697,1.1095563,0.039158948,0.052735515,0.014429977
427,1.8609371,1.5284963,2.0789835,1.1381772,0.07882361,0.04789561,0.0010350079
428,2.3640819,1.6928148,2.2812989,1.0437282,0.004789948,0.035937592,0.00059457193
429,1.7595228,1.5589904,1.8124454,1.2099676,0.016584514,0.009236883,0.023449482
430,2.1577384,1.8634008,2.0416558,1.1532588,0.011073808,0.0004599632,0.008414875
431,1.5173106,2.1665483,1.9368843,1.1671202,0.005835203,0.008105798,0.031065052
432,2.0948806,2.049812,2.3258271,1.1236826,0.10043803,0.024248263,0.04004924
433,1.8920705,2.0083408,2.0402145,1.2462754,0.0028015133,0.03528199,0.00075079076
434,2.0331511,1.5991504,1.9550763,1.2728441,0.007911399,0.0017367824,0.004237077
435,1.8023382,1.9428813,1.5373291,1.2559477,0.00091908773,0.021969207,0.009531515
436,1.9886384,1.9246292,1.5291048,1.2817569,0.010939574,0.0271539,0.019105976
437,2.1588905,1.8562185,1.7830949,1.2928798,0.0025939024,0.118764915,0.16195665
438,2.0327086,1.9606446,2.3951585,1.2311476,0.081789464,0.049079627,0.012252599
439,2.2781284,1.7336309,1.9950131,1.2830641,0.018504154,0.024532357,0.019492978
440,1.6858456,1.8822778,1.4833944,1.3101667,0.07260126,0.029531538,0.012836848
441,1.6793945,2.2430053,2.5414834,1.2397816,0.15220639,0.040271036,0.006383037
442,1.9878919,1.8425903,1.9469743,1.3974721,0.01375014,0.050514437,0.02437801
443,1.8712021,1.7275645,1.9559821,1.4370961,0.021714674,0.0006385539,0.0033073134
444,2.0229273,2.0465546,1.7934989,1.3544139,0.037109043,0.044804763,0.032565277
445,2.0183184,1.6446702,2.0517418,1.4251796,0.010950399,0.0071825627,0.009077546
446,2.0923777,1.646159,2.162753,1.426683,0.037427913,0.0008567705,0.007306408
447,1.5866749,2.147643,1.7519785,1.4004195,0.02246537,0.06078057,0.007396931
448,1.6989944,1.6624843,1.882686,1.456173,0.0003457575,0.0001348645,0.02677379
449,1.9853871,2.074142,2.2499042,1.3528861,0.0044356445,0.01236743,0.0019354253
450,2.6244366,1.7612568,1.6188346,1.3030616,0.030488154,0.010141706,0.04473512
451,2.1283665,2.5259407,2.439734,1.2671621,0.0024800422,0.00925824,0.01519837
452,1.748907,1.7842219,1.5433369,1.4302763,0.006594093,0.02918132,0.016038952
453,1.9317981,1.8443033,2.2241914,1.5011717,0.021153226,0.0044104997,0.0206106
454,1.9435501,2.067051,1.1942365,1.3864509,0.09434089,0.049783114,0.09020959
455,2.16002,2.1658564,2.2253957,1.4465665,0.015332813,0.012553181,0.0069659967
456,1.4699773,1.9627459,1.711277,1.4837346,0.0028026279,0.0058722007,0.010654184
457,1.8436296,2.3998592,2.1064582,1.3540138,0.021457095,0.0010399423,0.0044270284
458,1.9439487,1.997561,1.9665443,1.6122308,0.009063451,0.07982199,0.010901952
459,2.157705,1.8128865,1.4780408,1.4356664,0.010898763,0.017308889,0.00012476003
460,2.1378632,2.8156536,1.7063614,1.1963483,0.0011736152,0.10409774,0.011364441
461,2.0435288,2.2967834,2.4363172,1.4133891,0.0024937144,0.031924993,0.007244008
462,2.2347295,2.0539176,2.3433492,1.4512197,0.01371653,0.0036013192,0.08220308
463,1.9547352,1.5017607,1.5427313,1.6296436,0.005938211,0.0018738076,0.00026316466
464,1.6634362,1.8420917,1.6366156,1.5708497,0.021191375,0.0836985,0.02529075
465,2.1978867,2.3323267,1.9800755,1.4332414,0.03775228,0.0024294218,0.007166531
466,2.309143,1.6862711,1.8400432,1.4813279,0.07750228,0.0007936789,0.03239375
467,1.9378523,1.7230495,2.3074324,1.5981584,0.017841011,0.00077810354,0.0001562728
468,2.3915198,1.8143983,2.3439398,1.4511639,0.005060065,0.02125357,0.009546166
469,1.8556458,2.2300138,2.8523285,1.4376106,0.0005877698,0.0002834256,0.083337925
470,1.9907428,2.002601,1.8965876,1.6631675,0.014113585,0.002366753,0.011478219
471,1.4444336,2.0291913,1.7649614,1.5334567,0.051437344,0.019447558,0.053407807
472,2.147351,1.8304291,2.1966753,1.6097273,0.0031497711,0.009563743,0.00056244386
473,2.1379771,1.6492599,1.3573009,1.5738608,0.007981945,0.013675782,0.016100327
474,1.9907081,1.6636478,2.5002058,1.584366,0.0067403326,0.009379115,0.006505384
475,2.4246829,2.0133936,1.8468435,1.4110153,0.11861915,0.037344836,0.0070458767
476,1.6672432,1.9684496,2.090322,1.5410676,0.041474413,0.00638325,0.0090847295
477,1.8962113,1.6012771,1.5184685,1.6815809,0.004634481,0.0014398743,0.036876094
478,2.5489595,1.3103398,2.3826807,1.524721,0.056894634,0.041708134,0.0084031485
479,2.1290228,2.1265576,1.7143933,1.5576524,0.021135326,0.010830738,0.047257666
480,2.151002,1.6429133,1.5884253,1.6735075,0.007996929,0.00978354,0.08491346
481,1.8930995,1.9124886,1.9875901,1.6505605,0.07881308,0.041653585,0.03365514
482,2.5246727,1.7625656,1.7983687,1.5134263,0.021829916,0.0029143824,0.0010950253
483,1.9474033,1.7461723,2.8740792,1.6019657,0.07196181,0.0041052266,0.05556261
484,2.503649,1.6975503,2.140424,1.4923909,0.027751861,0.012925712,0.051617287
485,1.6885154,2.104285,1.5898398,1.6453551,0.07524851,0.0009160487,0.03425899
486,2.2341251,2.1237013,2.0699074,1.6719608,0.0019891148,1.5956228e-05,4.2871852e-05
487,2.222467,2.0598543,1.6538677,1.703617,0.08791562,0.01681183,0.12147629
488,2.342375,2.5631042,2.230735,1.3642759,0.20042756,0.003558397,0.044148993
489,1.9823751,1.7463716,1.7642936,1.7579066,0.010841386,0.04211265,0.028252153
490,2.5265586,1.6065911,1.4644029,1.7131649,0.005019944,0.09228619,0.016316945
491,2.4900496,2.1904128,2.2519748,1.612207,0.01078566,0.017601466,0.013542739
492,2.144233,2.498617,2.2492921,1.3881378,0.27326494,0.0032650619,0.026392926
493,2.469397,1.7098085,1.6909184,1.4446901,0.330031,0.03581761,0.0021940537
494,2.074543,2.0716043,1.7861894,1.7381794,0.02834577,0.02138079,0.018472455
495,2.2044733,1.917372,2.225863,1.693787,0.16886999,0.028651498,0.026758106
496,2.247074,1.6599934,2.038167,1.5913683,0.2846193,0.021833513,0.16944218
497,2.3243253,2.069642,1.3121272,1.8479924,0.00035269302,0.0048689307,0.024480032
498,2.4648106,2.1446073,2.1681142,1.7266299,0.009738886,0.020696633,0.0063229
499,2.3884754,2.0586834,2.069684,1.8056986,0.044568323,0.0063349367,0.00042381833
500,2.026864,1.6226946,1.6106848,1.8462766,0.009458455,0.019594423,6.7211964e-05
501,1.7739648,1.6976267,1.784966,1.7314498,0.065206654,0.006041305,0.0057050586
502,2.14298,1.6131616,1.9086237,1.7843885,0.051336072,0.0051941196,0.0011020731
503,1.6440966,1.742036,1.5211269,1.8469888,0.046354614,0.0061001685,0.0056085405
504,2.0351896,2.1360877,2.2671423,1.8063259,0.023192672,0.043178584,0.06471968
505,1.9907194,2.0306442,1.7917316,1.8136699,0.014239016,0.0040444876,0.077551946
506,1.7943076,2.3318644,2.000188,1.6580951,0.102327555,0.00070035085,0.017362747
507,1.4474314,2.1754825,2.5774682,1.6888365,0.04439216,0.03461678,0.008564686
508,2.215071,2.1604683,1.4126346,1.7482646,0.085243136,0.00573668,0.059490073
509,1.9118183,2.3913364,1.8136879,1.6072154,0.013662479,0.036030263,0.009147108
510,2.3648028,1.7895731,1.8151231,1.7087168,0.22048138,0.02129436,0.026771385
511,2.7717974,1.705231,2.304184,1.7551246,0.02910101,0.0106467735,0.007406268
512,1.8844683,1.9892026,2.2008278,1.8413997,0.00041299217,0.010070067,0.09057945
513,2.8487813,1.7137187,2.6033697,1.8757781,0.0043559587,0.003026898,0.030505892
514,2.1054456,2.5284243,1.8019699,1.6026915,0.0023490884,0.0341384,0.032874145
515,2.30368,1.4896489,1.8506501,1.8321546,0.005864598,0.002336232,0.030405946
516,1.5706217,2.0907621,2.2932587,1.73966,0.067046165,0.019324293,0.023885604
517,1.8425211,2.5322843,1.6414695,1.6075191,0.03145279,0.029572967,0.02400345
518,1.8732861,1.7269855,1.4704643,1.9603691,0.01306404,0.00021858023,0.01171989
519,1.9875152,2.3297856,1.5537857,1.7227249,0.06348264,0.042660374,0.01597562
520,2.1606152,1.8993971,2.752139,1.5285503,0.5193587,0.0035367468,0.0009842701
521,2.3810194,2.3712623,1.7150916,1.8299321,0.1729049,0.032683954,0.0034174842
522,2.300813,1.993584,2.3287914,1.9854953,0.0056985654,0.05174506,0.041168183
523,2.07695,2.6493087,1.8904425,1.7034023,0.0452261,0.004826925,0.0249458
524,1.8380967,1.5993291,2.5586126,2.045909,0.10675426,0.10096131,0.16733596
525,1.8910437,1.5869232,1.9801875,1.9669945,0.09741232,0.023358379,0.009870827
526,1.9821432,2.586443,1.5431854,1.6410618,0.033326406,0.0015649119,0.018960927
527,1.933951,1.9275606,1.86641,2.0507038,0.013804186,0.012733465,0.16385534
528,1.2994686,1.9151602,2.007754,1.9248614,0.0076679653,0.07468858,0.0376731
529,2.0542078,2.399618,2.0056105,1.9318947,0.023924913,0.043803528,0.0015506726
530,2.0641756,1.6724918,2.0242248,2.0145109,0.020177627,0.009319519,0.019320663
531,2.5012932,1.8802712,2.3453832,2.075538,0.013147338,0.009403554,0.004606073
532,1.9378834,2.389334,1.706848,1.8376703,0.0045751077,0.0003564228,0.052394018
533,1.6404049,1.7508571,1.8544527,1.9896817,0.04317174,0.0011370886,0.020398326
534,1.9024459,2.2297132,2.6198604,2.2002165,0.001471641,0.034408126,0.023910519
535,1.9713672,1.4695513,1.6807147,2.1790452,0.05258514,0.010486863,0.0254024
536,2.0382962,2.0562332,1.9505125,1.8036716,0.31700423,0.014566156,0.013840945
537,1.9753488,2.3094556,2.2339652,2.0605648,0.007854691,0.019565564,0.0009772829
538,1.8810916,2.212617,1.7458874,1.9495418,0.05465491,0.05198202,0.026039967
539,1.6959711,1.6764133,2.1110394,2.0104043,0.0036930311,0.0013565153,0.05305939
540,1.9991208,2.4121897,2.0191283,2.033137,0.0008960405,0.004275299,0.032817736
541,1.8681301,1.6278307,2.042993,2.0613623,0.006504829,0.01087245,0.005248118
542,1.9071085,2.260028,1.3121495,1.7793661,0.10005029,0.015155589,0.0012856512
543,2.0715315,2.0634484,2.083862,2.113886,0.018458216,0.021131055,0.01620793
544,1.7412459,1.8199964,1.9190944,2.0572722,0.008276611,0.08924191,0.13702664
545,2.0750413,2.0710697,1.9237341,2.0859084,0.09279821,0.054676343,0.033821017
546,1.7408725,2.3748257,2.0352168,2.0725973,0.012529206,0.010066252,0.041196976
547,1.990106,2.4075887,2.2168705,1.8503219,0.27994767,0.010157955,0.02319322
548,2.1001077,1.4438543,2.4461427,1.8254939,0.28041378,0.029742043,0.0045488505
549,2.0877957,2.7353663,1.6743801,1.9335752,0.07739319,0.023746079,0.02311289
550,1.6363031,1.9254146,2.1938965,1.9901998,0.0825324,0.102294,0.004254907
551,2.083122,1.8283117,1.688007,1.6145369,0.4274205,0.0010809895,0.058265876
552,1.7098573,2.1455054,2.1258326,2.1919146,0.0673697,0.039084546,0.06051782
553,2.4723651,1.6091373,2.0782201,1.5403795,0.5470164,0.03637227,0.019099787
554,1.5810794,1.9601442,1.7891016,1.9744425,0.28028202,0.02443697,0.00811897
555,1.8609532,1.8506665,1.9326364,1.5225589,0.41629615,0.014220997,0.05153949
556,2.0480812,1.6874988,2.189426,2.2287834,0.035657227,0.01056579,0.05768718
557,1.8642565,2.6479352,1.5744975,2.0702343,0.12086618,0.0028093627,0.018441794
558,1.6349884,2.0566337,2.0516305,2.2856677,0.004548203,0.010619678,0.003012961
559,1.89945,2.193888,1.8510761,2.2434294,0.00039084806,0.022394568,0.0026497196
560,2.130854,2.5257225,1.8999101,1.6586598,0.4468017,0.00052247156,0.0004285174
561,1.6950133,2.137593,2.343177,1.9148552,0.35155585,0.0016307811,0.017345298
562,1.9940407,2.2168512,1.998657,2.4741244,0.004386954,0.004963359,0.0019546128
563,1.6772707,2.540764,1.9032135,2.0408359,0.25258207,0.01589714,0.0626896
564,1.6505904,1.6287953,1.8641992,1.489835,0.4865511,0.0059297904,0.055600304
565,1.9965351,2.309666,1.7708172,2.3597536,0.00061405665,0.0032177898,0.100988574
566,1.7453946,2.3426726,1.3535734,2.2687054,0.07119648,0.006197645,0.06515271
567,1.3067217,2.1151752,2.0477517,2.069261,0.36032686,0.057889506,0.0052619535
568,2.1510122,2.202678,1.7231333,2.426661,0.0007992232,0.0015488078,0.006855108
569,2.5664105,2.0059743,2.0116055,2.618784,0.08690318,0.00042035745,0.026169786
570,1.630007,2.05121,1.8515147,1.8530232,0.45170826,0.0011320278,0.019914437
571,1.7265067,2.0239236,1.6820289,2.1343987,0.3192403,0.0095987255,0.0004782601
572,2.2423346,2.0260687,1.938796,2.3478549,0.20570216,0.024904348,5.8532132e-05
573,1.5508385,1.844003,2.0331361,1.8851665,0.49303868,0.00344461,0.008928297
574,1.7063186,1.5149213,1.7170842,2.068934,0.5350859,0.0022713658,0.0025701374
575,1.8923926,2.0272717,1.8140512,1.7964574,0.51742893,0.015240668,0.0006337352
576,2.0085,2.009609,2.0666265,1.9980983,0.47612733,0.0043994193,0.016812334
577,1.9555672,1.687224,1.9248015,1.8961141,0.48197806,0.022956952,0.001298261
578,1.9053855,2.3572383,1.4966892,2.298625,0.5346085,0.0020279184,0.081631266
579,1.8041878,2.8074477,1.3928629,1.4878086,0.7455533,0.0039588735,0.115499854
580,2.5320845,1.3843588,2.1707025,2.471733,0.5408518,0.008346779,0.0027802093
581,1.9013838,2.051791,1.3940797,2.4370215,0.53076524,0.09821822,0.001909797
582,1.982532,1.5146562,2.3248305,2.5530114,0.4606125,0.0051208735,0.0014142955
583,1.8712174,2.6289713,2.178417,1.6675858,0.66107696,0.00663303,0.048515763
584,2.1031735,2.1916335,1.4796631,2.2019112,0.60991627,0.038281094,0.12624833
585,2.1233428,2.3636205,2.4521956,1.6313722,0.677432,0.016893476,0.0076810336
586,2.160466,1.8330177,1.682557,1.4075909,0.73636645,0.011977579,0.01883661
587,2.5126958,1.4607586,2.054444,2.0243752,0.71579206,0.003544942,0.029892059
588,1.7457055,1.852929,1.8774557,2.02305,0.7558439,0.0015589559,0.014601443
589,2.0043795,2.1425533,1.7514457,1.5999193,0.76879287,0.06992604,0.0054961285
590,1.6990796,2.0384138,1.9778396,2.626349,0.63383996,0.04136298,0.010179506
591,1.7910752,1.5803859,1.5385182,1.7613798,0.79500633,0.021122975,0.0013013321
592,2.0383494,2.1127136,1.9318446,1.8026112,0.88012534,0.04180471,0.0075925863
593,1.6942651,1.4740047,2.0046513,1.481904,0.8177618,0.0077011255,0.010238833
594,1.9568651,1.7593852,2.0916922,2.1466684,0.8024525,0.005415572,0.036476064
595,2.227755,1.9641154,1.5808549,1.9905008,0.86085045,0.007324698,0.0029609122
596,1.7486734,1.7659248,2.1134136,1.450235,0.85886,0.011849391,0.005172826
597,1.9683789,1.8635821,1.9801965,2.0583794,0.90036815,0.017596161,0.0040542423
598,1.6478852,1.4846817,1.9570533,1.3558948,0.88093466,0.00578595,0.0006385222
599,1.9422555,2.0897632,2.0459332,1.4730444,0.97800636,0.009791925,0.0039482918
600,1.9527642,1.572388,1.9919208,2.2444391,1.0520099,0.0032071115,5.392761e-05
601,2.3207228,1.7852223,2.0622277,2.3098025,0.93892944,0.0013544641,0.015505958
602,1.9113277,1.9747189,1.8814318,2.1583843,0.98621315,0.0054350444,0.026006298
603,1.8300958,2.4193146,2.3606842,1.7686625,0.9026432,0.028354073,0.011954521
604,2.4401438,1.9290332,1.9310476,1.8693446,0.97971785,0.06555538,0.009002883
605,1.991633,2.142891,1.7143558,2.262817,1.002749,0.008014227,0.0026380653
606,1.9694672,1.7851697,2.5765367,1.7416334,1.0283206,0.056316,0.010593965
607,1.8761691,1.8072594,2.8194256,1.8631802,0.96012306,0.0012509224,0.022067014
608,2.1376083,2.6093688,2.3867092,2.372166,0.91455704,0.038347095,0.0064939163
609,1.42237,2.0772634,2.1401052,2.810806,0.9844597,0.020377763,0.07915334
610,1.5063868,2.154836,1.7475878,2.2849247,1.1359732,0.013385795,0.045819752
611,2.0545685,2.04179,2.0041466,1.4800508,1.335958,0.0013249564,0.012105856
612,2.0841973,2.1637332,1.7982894,1.5129619,1.2663594,0.014549507,0.07548464
613,2.218775,2.016426,1.9511555,2.026196,1.2506955,0.008931223,0.0013572221
614,2.7311547,1.9718133,2.190071,1.6511496,1.0862718,0.068032876,0.063880555
615,1.9669887,1.9112943,2.3372052,1.4277624,1.1246638,0.0016406567,0.018281361
616,1.7457721,1.4158705,1.8730794,1.8790108,1.1894351,0.03352766,0.02869241
617,2.1619399,1.5933589,1.8723426,1.8214916,1.2981797,0.011944343,0.00420898
618,1.8097456,1.3385788,1.8855892,1.9907771,1.3045801,0.001634394,0.01817201
619,1.8816662,2.4006748,1.998234,1.7224209,1.2242461,0.052385908,0.019280732
620,1.7363995,1.8138995,1.9347464,1.7649533,1.3557863,0.006939895,0.018673575
621,2.1649668,1.8753374,2.0403605,2.043037,1.4266611,0.007326296,0.013794053
622,2.0067763,2.1323311,1.5504054,2.0633223,1.1666113,0.0653899,0.021078767
623,1.7518729,1.8857307,1.9751314,1.6684034,1.5329587,0.054038946,0.15008536
624,2.1366086,1.3812848,1.9673625,2.3179066,1.3088175,0.022049744,0.008396667
625,1.9416378,1.7981602,1.871095,1.787573,1.6073246,0.050681118,0.0042530764
626,1.764356,1.8549936,1.3835981,1.6792308,1.1551685,0.0045422935,0.06598394
627,1.6853969,1.6224655,1.9643797,1.4933523,1.3155522,0.008749062,0.01861829
628,2.002709,1.7521455,2.0230196,1.6118773,1.4534919,0.047818217,0.02827546
629,1.9027469,1.8505393,2.3157678,1.9909809,1.4229674,0.0951942,0.17062207
630,1.8342652,1.6877406,2.1989331,1.6567905,1.3951555,0.006791072,0.01359037
631,2.0954232,2.074515,1.9915029,2.130099,1.4578146,0.0033391553,0.0019361976
632,1.9353464,1.8272772,1.8885186,2.1265619,1.443292,0.039533354,0.034935344
633,1.7177936,1.7215143,2.074781,1.6869265,1.5791494,0.007848954,0.00032890998
634,2.149574,1.552656,2.0238717,1.7135402,1.4387152,0.008894553,0.013079343
635,1.5224199,1.8115107,2.1082592,1.4816043,1.5716983,0.02854574,0.0018048589
636,2.007411,1.9917331,2.1376953,1.5968618,1.5184237,0.107259095,0.095203795
637,1.9997526,2.5594666,2.2254753,1.5570326,1.1896863,0.00496798,0.021988442
638,1.3881923,1.7598348,2.1926324,1.5698558,1.4160532,0.010789634,0.02388551
639,1.7572539,2.3268826,1.7540587,1.8454832,1.420299,0.012001708,0.011181987
640,1.945585,2.207191,2.5418935,2.4164338,1.2759656,0.023467327,0.026271999
641,2.0764992,2.0839581,2.2046514,2.3224254,1.4101306,0.008525808,0.026905615
642,2.2736576,2.2023218,1.6286768,2.528672,1.229489,0.007838061,0.0035367222
643,1.9409984,2.1118765,1.3761452,1.8984532,1.2436816,0.00047727468,0.08998029
644,1.7577822,2.1114628,2.4392765,1.4586022,1.4128007,0.0017867263,0.011251623
645,2.2343037,1.9857141,1.5882835,1.8252977,1.3300946,0.06156302,0.011518368
646,2.3788943,1.8948339,1.6076744,2.006984,1.3319619,0.0047188015,0.00594643
647,2.423357,1.8447914,2.3557584,1.9159747,1.2240131,0.058712948,0.030381467
648,1.8862796,2.334105,1.8642628,2.01821,1.4011531,0.02445031,0.0023931717
649,2.1429005,2.0061593,2.182936,1.5904733,1.5428407,0.0050917733,0.057512354
650,2.1700842,2.0638661,2.2399993,2.10022,1.6706109,0.0356846,0.13501436
651,1.9009274,2.3927474,2.0006254,1.7854788,1.487596,0.0042692036,0.025355108
652,1.7447687,2.0175247,2.0850234,1.8178046,1.7792482,0.073493585,0.068249755
653,1.9225137,1.8749577,1.4393586,1.9716625,1.2793509,0.0033391425,0.013604177
654,1.7301341,2.0553622,2.4606335,1.7144482,1.4271214,0.16227761,0.019847248
655,2.7816978,1.7636783,1.6304057,2.652783,1.3478884,0.006485205,3.286067e-05
656,1.5753248,1.9979162,2.0388768,2.4716725,1.3740737,0.0034662245,0.0047861943
657,1.642775,1.8426892,1.3714987,1.9944249,1.3506207,0.00097240764,0.0019881728
658,2.2397816,1.7587191,1.5727237,2.0765889,1.5330572,0.008530932,0.002963653
659,1.6987681,1.7875348,1.691469,1.8369042,1.5874248,0.016166955,0.024325596
660,1.9379992,2.1605647,1.7535958,1.7803725,1.7403467,0.033270564,0.007854982
661,1.9295514,2.382799,2.6028783,1.928658,1.4834923,0.008411108,0.013872388
662,1.5356234,2.0767496,2.3925219,1.8959018,1.4710826,0.0656161,0.0112342
663,1.8247972,2.5772219,1.897919,1.9026258,1.6742517,0.0025894884,0.0008397777
664,2.0231402,2.6014268,1.9177941,1.9983741,1.3541479,0.12020497,0.0011301503
665,2.0015633,1.7642865,1.8780504,1.6783236,1.8964572,0.04484316,0.0033818134
666,2.5195103,1.9397998,2.219856,1.538389,1.4947289,0.035793345,0.016169535
667,1.5122275,1.8968067,2.08066,2.147745,1.5404469,0.121617295,0.014023717
668,1.7073848,2.1328285,1.3187698,1.9343463,1.5350007,0.0028136342,0.012165746
669,1.9116449,2.2639678,1.7573273,1.7586374,1.6774423,0.13386801,0.036776204
670,1.8714595,1.6869102,2.4798331,1.3390502,1.4156144,0.0006159445,0.00021755858
671,1.9414482,2.276821,2.1908507,1.9185247,1.8162328,0.0009123799,0.0036605357
672,2.0590644,1.3767036,2.2660303,1.7460244,1.421294,0.0026230824,0.02614571
673,1.6153648,1.5506845,1.3065304,1.6246821,1.8595012,0.04529609,0.003039648
674,1.5688688,1.9048556,1.8567275,1.9560195,1.719586,0.005553019,0.045544136
675,1.8491672,2.7826955,2.213527,2.0965292,1.6385486,0.045719605,0.0030870787
676,1.5278943,1.8757324,1.8327444,2.3835454,1.50539,0.06382154,0.005108901
677,1.7776414,1.870047,1.8120998,1.6754351,1.8787414,0.012188312,0.0013264387
678,1.4762169,1.2567647,2.1282856,1.564231,1.7314498,0.021576865,0.006163867
679,1.6328768,1.4865123,1.9274597,2.116636,1.6629362,0.013850147,0.046516486
680,2.1291902,2.457418,1.7067502,1.4122297,1.5399389,0.058013517,0.0016700452
681,2.3187163,1.5076742,2.179799,2.268861,1.6396807,0.020862943,0.0011811332
682,1.779041,1.6413995,1.955306,1.4609556,1.8613839,0.01646647,0.025771935
683,1.9898368,2.1919506,1.1695354,2.20403,1.5202767,0.17461203,0.045942042
684,1.6011424,2.2308545,1.5206419,1.457643,1.598976,0.47161528,0.0037248994
685,2.428292,2.16933,1.7824482,1.6965249,1.712329,0.014360516,0.0051555047
686,2.1225853,2.2343087,1.9623669,2.0702164,1.7967275,0.03212102,0.0028727406
687,1.7844474,2.1008854,2.587574,1.6607636,1.6375831,0.11522156,0.027923295
688,1.8473303,3.2872822,2.6368148,1.4840691,1.3816109,0.046471298,0.008784569
689,2.4233704,1.9834379,1.9388775,2.0610888,1.6275903,0.019086096,0.0012862965
690,2.0133402,2.1224797,1.407349,2.2760391,1.5547965,0.010952246,0.0022705486
691,2.2810767,2.1867044,1.6252654,1.9429648,1.6801252,0.0009486509,0.0023259234
692,2.953247,1.6003246,2.4686294,1.7865146,1.447853,0.0069184555,0.010446795
693,2.4941723,2.3173797,1.5392842,1.6779053,1.3608415,0.36167023,0.061622567
694,1.8493947,2.2080324,1.5719118,1.6494974,1.8125435,0.029471472,1.7791843e-06
695,2.0868473,1.8392541,1.6089829,2.477532,1.6357958,0.012468841,0.0008576715
696,1.6009799,1.7685772,1.4707246,2.1069593,1.726337,0.008120999,0.09704836
697,2.086004,1.3581793,1.9723915,2.2176402,1.7793872,0.0139668565,0.107424535
698,2.29329,1.8200818,1.9541148,2.3146756,1.8283948,0.0010109195,0.06845018
699,1.9547572,1.9124864,1.8528157,2.4664779,1.712995,0.019013513,0.034497354
700,1.9959744,2.450278,2.0164263,2.1622794,1.9447756,0.015396528,0.12812053
701,2.5406218,1.9893665,2.2761815,2.1923904,1.6453001,0.04682621,0.005063934
702,1.8136142,2.3288097,1.6674408,2.0046241,1.9849368,0.05459406,0.009452362
703,2.208772,1.6044922,1.7179718,1.389176,2.1693683,0.0942543,0.0075381286
704,2.0075026,1.6713814,1.7066796,2.1146412,1.8914986,0.062253907,0.019575795
705,1.5122278,2.1565166,1.7882801,2.4581678,2.0288184,0.0014294889,0.040447444
706,1.5672649,2.111781,2.5276392,2.234091,1.8030381,0.032323707,0.027972579
707,2.0726464,1.8948696,2.1003084,2.1181874,1.9817004,0.04885652,0.021946464
708,2.6802208,1.2800543,1.9536965,1.7361494,1.6413001,0.057444297,0.0042459015
709,2.1497884,2.227895,1.3827575,2.3563302,1.6774151,0.022238906,0.011265369
710,1.7000741,2.376462,1.8888675,1.9303861,2.0581024,0.11064957,0.002524653
711,1.4168829,1.718143,2.41515,1.538755,1.8223759,0.0076416004,0.021268122
712,1.8560498,2.6695957,1.5972296,1.8222727,1.4856657,0.25035572,0.0036192117
713,1.7420424,1.9406607,1.8654017,1.7743497,1.9715852,0.15908584,0.0067591537
714,2.1802022,2.170806,1.6972148,1.4556893,2.1236608,0.0017474449,0.080475986
715,1.9604307,2.255567,1.9025137,1.9317731,1.4283452,0.54078454,0.00016480596
716,2.316895,2.1126046,2.5858016,1.3848312,1.766482,0.0013591932,0.00062284875
717,1.9000051,2.6825776,1.630119,1.8689934,2.3615348,0.14323027,0.04133108
718,2.4534492,1.5873809,1.7049419,1.9042315,2.026177,0.09609384,0.017217297
719,1.8789963,2.2413418,2.0143678,1.2898676,2.1990666,0.049672086,0.009491226
720,1.7789474,2.0851374,1.8892043,1.8399824,2.2325237,0.055823162,0.024778312
721,1.2425135,1.7016127,2.2500994,2.0368917,1.8154376,0.059555747,0.012780539
722,1.6465896,1.6810588,2.8602333,1.8599267,1.7454183,0.10216818,0.0012021501
723,2.2357187,1.8401403,2.1160579,1.9563823,1.9594182,0.12508242,0.029100627
724,1.6736478,1.7650763,2.6254816,1.8594339,1.5896703,0.37577435,0.001782832
725,2.0276155,1.47783,2.4558868,1.434359,1.7100538,0.10441593,0.043180063
726,2.3625767,2.119977,1.7886199,1.8565968,1.9713966,0.010408654,0.025169747
727,2.5053048,2.6718123,2.096535,1.7374549,1.6724693,0.029690115,0.000751378
728,2.4505916,2.0626338,1.9729075,1.6404394,1.5012492,0.47694516,0.0024220874
729,2.0959065,2.2376564,2.209296,1.7604761,2.056225,0.26408148,0.017175796
730,1.8592391,2.036504,1.6107049,2.180856,2.0777457,0.16030008,0.005333858
731,1.8301699,1.9561211,2.435374,1.874127,1.5716273,0.47267783,0.0058619813
732,2.0432851,1.3455175,1.9441835,1.7381432,2.2414465,0.15401398,0.007973373
733,1.9953611,1.8187993,1.9262421,1.9121221,2.139752,0.20390186,0.007218352
734,1.7340515,2.079272,2.3726037,1.548679,2.2179115,0.08180418,0.00030106286
735,1.919996,1.6652821,2.3969312,1.913891,1.9101433,0.042629987,0.002156483
736,1.9941212,2.1784809,1.7389232,1.3952509,2.3723977,0.25777876,0.15846589
737,2.0216715,1.6914598,2.1361835,2.0795307,2.0609202,0.11294923,0.0032317776
738,2.6589618,2.109379,2.0871701,1.721192,1.7877094,0.025519773,0.010223003
739,1.7928305,2.0988047,1.9702617,1.9069644,2.5420203,0.008959889,0.007548197
740,1.7129703,1.861802,1.9569926,2.444207,1.7194475,0.4163961,0.13391504
741,2.159996,1.5272876,2.2014918,2.4482398,2.229175,0.18875423,0.06572186
742,2.2480276,2.4753067,1.81127,1.7430204,2.0519087,0.0018844878,0.016065048
743,2.1557374,1.936321,1.751296,2.879054,1.9852514,0.0072291475,0.011377785
744,2.544773,2.556231,1.4818627,1.849871,1.7669678,0.16947328,0.014715885
745,2.1162786,1.4834105,2.6443303,1.0942283,1.9114527,0.37981036,0.011199831
746,1.7678853,2.0058563,2.350205,1.6754826,2.393244,0.28195292,0.022334404
747,2.4013877,2.1228018,1.3748612,2.203533,1.9984679,0.0835359,0.10272776
748,1.9322326,1.8802314,1.9195307,1.6215267,1.7973995,0.51996744,0.015426138
749,2.114655,1.496552,2.0412686,2.0893762,2.2225204,0.06447683,0.07433245
750,2.4241834,1.7559644,2.3002992,1.9202408,2.104256,0.019005058,0.028049907
751,2.374713,2.1764772,2.2855287,1.9099181,2.4699185,0.0017255492,0.0010882218
752,1.7396488,1.8475975,1.9879614,1.4435066,1.6109084,0.8135667,0.0018620539
753,2.0822122,1.5397775,2.9549189,1.7839882,1.9680094,0.0739015,0.016267871
754,2.2496324,1.8500646,2.2992191,1.662731,1.6852319,0.5091838,0.025157802
755,2.0330627,2.261776,2.5263875,1.4246099,2.0055249,0.33539823,0.032977443
756,2.1968663,2.3413603,1.8461422,1.7686359,2.1455622,0.3750226,0.005145985
757,2.2626915,2.559042,2.2443912,1.4999123,1.3419974,0.73692745,0.058470216
758,2.6538467,2.389191,1.9960946,2.0126865,2.140209,0.06924615,0.12060157
759,2.156964,1.9187521,2.786916,1.8381096,2.545232,0.06755146,0.018500121
760,1.6431774,1.2358003,1.81684,2.0683427,2.1899025,0.13973863,0.0015562212
761,1.6760294,1.9625235,2.2383256,1.9293307,2.0835721,0.4110871,0.0066714697
762,2.0717764,2.9215672,2.0263886,1.4356254,1.8963927,0.32749897,0.0038468814
763,1.7211031,2.1203985,2.301513,2.0818598,2.0172558,0.44863954,0.006699904
764,1.2983632,1.5247047,2.1754935,1.9651756,2.6247857,0.035956822,0.015623409
765,1.432356,1.7156814,2.3707418,2.5465827,2.1115565,0.18432221,0.008553386
766,2.6098702,1.5368817,2.7040367,1.4769406,2.0309823,0.023612248,0.0029770876
767,1.8125032,1.4754285,2.0115755,2.0563316,2.3081088,0.34032327,0.017815037
768,2.618682,2.0198276,2.1818552,2.2643924,2.3339884,0.14006086,0.017153587
769,2.6815054,1.8861092,2.1393547,2.3257773,2.4940312,0.062976584,0.020171197
770,2.0514295,1.1271198,2.355895,1.7208917,2.0630744,0.63996464,0.009233802
771,1.8137418,1.9146831,1.7755071,2.1276019,1.8289121,0.6127841,0.0020876955
772,2.3094018,1.9156921,2.126761,2.2196786,2.1290486,0.36933616,0.0019769047
773,1.7962958,1.6058136,1.4881853,1.8647647,1.3434103,0.7605078,0.028656403
774,3.1845264,2.6933966,1.7416252,2.270276,2.085732,0.14124312,0.049754653
775,2.291881,2.2431753,1.4351715,2.2283912,1.518394,0.6086217,0.01561517
776,1.527655,2.0600555,1.8234507,2.5278924,2.1727264,0.46580607,0.026430378
777,1.6548165,1.6498228,1.931807,2.0167968,1.9472383,0.5530303,0.004658868
778,1.7098534,2.0224333,1.6140698,1.855659,2.1696215,0.6032057,0.0045193275
779,1.543378,1.6442546,1.1819432,1.9377419,2.1815372,0.664874,0.029035358
780,1.9542282,2.4909642,1.868506,1.8806456,1.6773676,0.8188512,0.078418136
781,2.5198724,2.5852404,1.4789877,2.1337566,1.9142153,0.7327807,0.019206662
782,2.2220576,2.4371452,1.9772931,1.623771,2.175275,0.8133222,0.012817937
783,1.5568888,1.9897985,2.0728855,1.6857878,2.1669521,0.8903372,0.13397755
784,2.729885,2.2006116,1.8576794,2.5027993,2.0333147,0.61763674,0.010736438
785,1.3674234,1.8426782,1.8971888,1.8927963,2.2941844,0.9257866,0.023071805
786,2.0938609,1.6483128,1.6697732,2.0715952,1.9669511,0.8196298,0.007963264
787,1.1875557,1.4988368,1.881802,2.1371846,2.2828398,0.84508044,0.06332833
788,1.8291339,2.0890162,2.152866,2.0060158,1.9468349,0.9993473,0.009980114
789,2.6465206,1.8205642,1.8383399,2.114813,2.3666122,0.80226433,0.005364767
790,1.7010801,1.8080487,1.9229964,2.103473,1.9109105,1.3027524,0.0061632176
791,2.0650756,2.1725585,2.0028398,1.7924768,1.9605113,1.4231884,0.0004366869
792,1.6919944,2.5199509,2.7962437,2.1576993,1.9717641,0.89382195,0.015045136
793,2.6885006,1.7695733,1.998384,1.8875159,1.8997749,0.94567335,0.0002943596
794,2.3747349,1.7919673,2.321678,2.142303,1.5410703,0.9344766,0.012228747
795,2.2965124,1.877783,1.6781733,2.1155145,1.6202341,0.8430602,0.00017577533
796,1.9979497,1.4002374,1.3383851,1.7854089,1.9976869,1.0152882,0.009342298
797,2.1061218,2.0314603,1.5802326,2.425305,1.9351547,0.86042815,0.011853694
798,2.3568826,2.3187966,2.0752423,2.8913808,2.3598166,0.99774545,0.0012044358
799,1.5124636,1.9562391,2.426075,2.4066927,1.7018964,0.96942264,0.015838826
800,2.1468377,2.649623,1.7405605,2.35177,1.4433632,1.1429291,0.05256784
801,2.372734,1.9184092,2.433099,1.6852224,1.8824563,1.0054195,0.0063407714
802,2.2897444,1.7086749,2.4902937,2.1337018,1.7203434,0.9399883,0.0035290688
803,2.1523294,2.1575766,1.8043656,2.227311,1.7890494,0.9863097,0.06332137
804,1.9081452,2.084829,2.0599816,2.227497,2.0218592,1.6583114,0.004444806
805,1.1948606,1.9962472,2.1166215,1.9412215,2.1691244,1.146334,0.012808631
806,1.6950749,2.131618,1.8943332,1.8578924,1.9556562,1.2785221,0.005969547
807,2.445333,1.7560979,2.051133,2.3794901,2.102678,1.0689722,0.051066536
808,2.0065086,2.1505735,2.2341545,2.1189625,1.814643,1.331513,0.041029938
809,1.540211,1.2821397,2.130927,2.0068493,2.3200822,1.2888181,0.09009946
810,2.181202,1.7352836,2.1695368,2.236219,1.9990456,1.3544571,0.009087254
811,1.9363326,2.0447018,2.3364704,1.6556432,1.7990143,1.1314362,0.06833717
812,2.308415,2.383055,1.5241288,1.6041194,1.6488955,1.5026165,0.0021462033
813,1.8493938,2.2751086,1.8331778,1.6847799,2.4105403,1.3938681,0.0012214587
814,2.0845106,2.426089,2.6253054,1.8683639,1.8305161,1.0687346,0.0013351369
815,2.0553443,1.9513497,1.695834,2.3924713,1.8505226,1.3202305,0.16781576
816,1.8190159,2.0564222,1.9851656,2.1996064,2.3647535,1.4934909,0.007826381
817,2.1078687,2.5685124,1.6421748,1.9954143,2.4857657,1.4937612,0.0029314223
818,2.1186204,1.2919339,2.0975919,1.9381769,1.7438202,1.4794757,0.47071803
819,2.2728496,1.5132638,1.962258,1.8054667,2.6120956,1.611738,0.019769795
820,1.9888681,1.73997,2.102147,1.9869677,2.04802,1.8923813,0.051750787
821,1.9669044,1.7031192,1.9844805,2.4635134,2.3207524,1.3937742,0.02106299
822,1.7627889,1.6432647,1.8375708,2.3933206,1.964241,1.6575809,0.0042052255
823,2.7756689,2.182171,2.1144361,2.3242893,1.9343921,1.7978866,0.048187125
824,1.8359786,2.3756452,1.9437896,1.9897891,2.2034597,1.4596905,0.013264196
825,2.167349,1.4938993,1.9558464,2.936709,1.5927118,1.3114833,0.0060030073
826,2.257582,1.6115966,2.323906,1.8572506,1.978178,1.447439,0.0005227808
827,2.385007,1.7709424,1.9023974,2.0631425,2.0331903,1.6622634,0.0436619
828,1.3499844,2.0654082,1.8565233,2.5630577,2.0520341,1.2863959,0.86661965
829,2.453154,1.2311168,1.4836421,1.7947882,1.7428107,1.468088,0.02333324
830,2.1747518,1.6181214,1.8948896,2.191344,1.8495209,1.6510317,0.045626927
831,2.2349703,1.586457,2.0200405,2.1005702,1.7312605,1.5969765,0.0051055644
832,1.7726705,2.0463312,1.7654959,2.4232695,2.211787,1.3951844,0.032283645
833,3.0919948,1.702565,2.2596924,2.2326117,1.5090187,1.496361,0.0595927
834,1.761704,1.660086,2.4939058,2.3983438,2.3175309,1.6871899,0.036121286
835,1.8764033,2.0175729,2.0951524,1.9153746,2.3788955,1.2377052,0.017626528
836,1.7112162,2.0661786,1.7354387,1.7109573,2.142544,1.7414142,0.013657984
837,1.8787166,2.4927585,2.365343,2.7582011,2.325304,1.0592525,8.660923e-05
838,1.9461542,1.706563,2.4543974,2.210354,1.4876498,1.096291,0.014245209
839,1.7448754,1.9399565,1.6526726,2.788617,2.182832,1.7679074,0.00064664567
840,2.0704813,2.0900743,2.1944451,2.4069993,2.5564716,1.6687255,0.0077448525
841,2.1991868,2.2323303,1.4146174,1.9757748,2.6810668,1.2052194,0.64543605
842,2.2292275,1.8374568,2.394968,1.4739379,2.3951783,1.3114862,0.006666387
843,2.0864434,2.6837816,1.9843377,2.1887555,1.4609467,1.4189249,0.00047334674
844,2.2945383,2.0982141,2.4169621,1.6644546,1.707825,1.3251249,0.0061736587
845,2.146581,1.7852533,1.616412,2.3907068,2.0491028,1.8472358,0.053322785
846,2.329725,1.3850338,1.9771047,2.174727,2.2011979,1.5418047,0.0041275597
847,1.3076656,1.6564777,2.0929084,2.5496802,2.6925282,2.0218163,0.10758577
848,1.6494315,2.4506586,1.6462784,2.2660153,2.3913305,1.5281107,0.036291663
849,1.6646934,1.9418476,1.6691688,1.674693,1.7750942,1.4085758,0.00570147
850,2.236314,1.9908881,1.9771687,2.1763077,1.7951844,1.8966419,0.012674947
851,2.2274513,2.0174904,2.3036308,1.8379953,1.2157254,2.1330967,0.07146481
852,1.8828734,1.7893258,1.461642,1.7949959,1.5063245,1.3716111,0.02088966
853,1.8408655,1.5542346,1.9943056,1.7034245,2.006019,1.658544,0.027390534
854,2.1961875,1.7858393,2.6018398,3.1056705,1.6535368,1.6697916,0.10640259
855,2.465113,1.5260198,2.317737,1.5064,2.3696754,1.5441226,0.0009975007
856,2.0800223,1.75778,1.5893375,1.5738744,1.9090325,1.7496713,0.018927542
857,1.9336178,2.192819,2.3221242,2.565426,1.7003217,0.9156149,0.0453503
858,1.7880856,1.7923656,1.7636144,2.0088336,2.25039,1.928125,0.053100474
859,1.8431962,1.9878038,1.3667517,1.8962092,1.7585262,1.3655921,0.004203887
860,2.1191506,2.4283593,1.5997435,2.0213013,1.7563217,1.3491784,0.009895556
861,2.4197607,2.1212156,1.8282027,2.056692,2.112822,1.6001933,0.018622208
862,2.0169363,2.1420317,1.5094501,1.8328851,1.767784,1.5556718,0.0012391923
863,2.0667531,1.9249016,2.0087717,1.8832809,1.8377062,1.7871108,0.31361496
864,2.025308,2.6228433,1.8430915,2.5924146,1.9040843,1.4549816,0.0037132092
865,1.6081781,2.1586943,1.7773465,1.5417638,2.398022,1.5894082,0.0055805678
866,1.7806449,2.1456306,2.0937855,2.269584,1.5443863,1.4044625,0.036229853
867,1.5543181,2.6312644,2.0317426,2.198548,1.9781643,1.3301342,0.0007869287
868,1.3982697,2.4936328,1.7512171,1.6635855,1.9322534,1.7004735,0.103742875
869,1.9657826,1.716259,1.851154,1.9800718,2.6640506,1.7865387,0.057700157
870,1.9567224,2.25072,1.7295167,2.4566383,1.9863595,1.8971331,0.024289604
871,1.7553933,2.0401936,2.2870524,1.7658777,1.3146291,1.6785915,0.02467018
872,2.0430152,2.0722744,1.3511392,2.2681942,2.059163,1.8131001,0.0038239781
873,1.9213353,1.6812775,2.4500582,2.3857234,1.6137245,1.8155853,0.07314108
874,2.342657,1.921979,2.431506,2.2958972,1.6645505,1.5068836,0.009688471
875,1.99346,1.6396065,2.9758193,2.8220277,1.4125589,1.5942237,0.022413233
876,1.4063907,1.4298519,2.229247,2.0974603,1.7041614,2.1046407,0.22793156
877,1.8272479,1.8082719,1.3131771,1.8187461,1.9218671,1.8159966,0.08711654
878,2.0280857,2.052517,2.1695483,1.6811222,1.7090715,1.8466984,0.0023948483
879,2.4420555,1.3310293,2.017932,1.7472538,2.1462026,1.8084348,0.0027480905
880,1.485939,2.044827,1.709664,1.6086397,2.0890243,2.099203,0.026757203
881,2.146317,1.6574491,1.7524172,2.213536,2.1103623,2.1598172,0.046707448
882,2.0548499,2.2050157,1.8486395,2.6654577,1.9801676,1.9208828,0.05961738
883,1.800464,2.0773292,2.1857307,1.6840583,2.1095178,1.8947992,0.016743105
884,1.6164877,1.8024421,2.1088395,2.6181672,2.0076916,1.915255,0.030953296
885,1.9688873,1.7238882,2.2541826,2.0892928,2.1330404,1.6856214,0.4899125
886,1.8178892,1.6571312,1.4811469,1.9411659,1.7820089,2.1851816,0.121781275
887,1.8948641,1.5866789,1.7698714,2.0413167,2.3913994,1.9220049,0.07939863
888,1.8636668,1.8475269,2.4043708,1.825693,2.3826041,1.6296529,0.00012776219
889,2.4073298,2.2254713,2.2236154,1.8349115,1.7050102,1.7413721,0.003337881
890,1.4789797,2.0109844,2.121117,1.7599002,2.093014,2.0350122,0.061377928
891,1.7801708,1.7391018,2.375948,1.6531904,0.9053473,1.6560901,0.005857712
892,1.7656909,1.6839335,1.4119188,1.7081809,1.5249399,1.8382221,0.01332159
893,2.3330114,2.0696104,2.8229008,1.54649,2.2345934,1.5762757,0.002276283
894,1.8859941,2.134237,1.9641769,1.3298962,1.6629314,1.6331445,0.0040092077
895,2.5269814,1.7299063,1.5938855,1.8018843,1.9425352,2.2110405,0.113010556
896,2.0815666,1.7845126,1.4684083,1.7591642,2.0684545,2.6926382,0.021862099
897,1.5161915,2.1983013,2.160884,2.143525,1.9971957,1.8569702,0.1093326
898,2.6368735,1.7098311,1.9470444,2.0749931,2.206558,1.6342008,0.0069554537
899,1.3408694,1.9638337,2.2110102,1.6604468,2.209274,1.934641,0.03640465
900,1.7108331,1.9616085,1.3598672,1.6557218,1.6245137,1.759392,0.16903104
901,1.3786433,2.2660055,2.6979423,1.5408671,2.53276,1.6369438,0.015917763
902,2.066095,1.6400888,1.971004,1.6697259,2.0853539,2.072084,0.0832661
903,1.6196188,2.1856124,2.5761573,1.7869331,2.112837,2.2727683,0.002169017
904,2.3379183,1.9544163,1.7753338,1.9272723,1.9295387,1.6629778,0.5631778
905,2.172366,2.076908,2.697311,2.0769825,1.5654652,1.2888157,0.0087629305
906,2.2518535,1.8848072,1.9054316,1.4282899,2.3095477,1.9325088,0.077553086
907,2.1759946,2.075722,2.974856,1.6629515,2.0892897,1.7090926,0.0057851695
908,2.3122163,2.0845113,2.266059,1.7499481,2.3068037,2.0489376,0.011847142
909,1.6983869,1.87142,2.038519,1.0221051,1.8629695,1.6186174,0.8211654
910,2.0369632,2.1600778,1.3179196,2.4273722,1.430555,2.1294477,0.30760443
911,1.9367098,2.1836746,2.4630733,2.2767603,2.415384,1.9523392,0.010177888
912,1.6477731,1.2838061,1.9983889,2.0842016,2.1641583,2.0803747,0.5266082
913,2.2853336,1.9971908,1.5485643,1.5838706,1.9323556,2.1369255,0.14557005
914,2.5231225,1.638917,1.99141,2.0930376,2.2318108,2.088658,0.02553142
915,1.8077433,2.2471874,2.2305493,2.3695536,1.8643279,2.0797412,0.017064126
916,1.9278214,1.3822588,1.8194458,2.1642706,1.8497938,2.03848,0.71712947
917,2.2347925,2.5020163,2.0194857,1.8126054,1.6513739,2.1702878,0.12554015
918,1.8483337,2.4181817,2.8125398,2.2148523,2.3547041,1.48002,0.3367373
919,1.544362,2.3983543,1.6771971,2.04285,1.3573545,1.7638584,0.0019347961
920,2.287565,2.1794786,2.7708192,2.0905442,1.656521,1.5181551,0.013483993
921,1.9538108,2.136989,2.8343623,2.240819,1.4009427,1.6694078,0.08229646
922,2.8797126,1.813821,1.9801948,1.775212,1.6756544,2.2009337,0.1929083
923,1.7756792,2.4868824,2.577869,2.6514568,1.5641122,1.6913949,0.022773977
924,1.7258728,2.192864,2.390642,2.200883,1.8481077,1.7929835,0.2954828
925,2.0133357,2.0153806,2.008567,1.5524673,2.1647341,1.9046401,0.6463382
926,2.2454169,1.9397539,1.8169355,1.8965375,1.2148703,1.8906434,0.017500052
927,2.3508334,2.5394611,1.6778842,2.2592492,1.8767451,2.0800235,0.20472413
928,2.0642161,2.1023393,1.9465613,1.9547534,2.3577724,2.5022128,0.050418533
929,1.538505,2.34823,1.7272717,2.044672,2.4316578,2.4992197,0.0830568
930,1.7043176,2.1172428,1.649108,1.6931872,2.2856538,1.8187758,0.59574664
931,2.651867,1.8222581,1.5390536,2.0517473,2.4966981,2.3382545,0.06612391
932,1.993043,2.3879828,2.1113958,1.7847227,2.4001055,1.784822,0.41914192
933,2.7188036,2.268376,2.3206706,2.0365322,2.542804,2.1089036,0.39070866
934,1.9222648,1.8380965,1.9721426,2.2534063,1.9451894,2.2272868,0.56034225
935,1.8215125,2.916179,2.474621,1.9041033,1.7023278,2.0819564,0.079548225
936,2.5999117,1.9826661,1.9606295,1.7024223,2.8561375,1.8621842,0.012462434
937,1.7791668,1.2494321,2.3136816,1.9576973,1.9179145,2.102745,0.9401467
938,2.5455465,2.3019526,2.2196965,1.7925088,2.308963,1.7703172,0.9464833
939,2.4556725,2.181906,1.4651579,2.1047769,2.1332412,2.1639152,0.046345305
940,2.2344253,2.1470933,2.059024,2.2818272,1.6398392,2.0219545,0.69041723
941,1.5768675,2.1610897,2.342812,1.6052831,2.7150228,1.7675534,0.679941
942,1.5049882,2.5544074,2.383929,1.5726184,1.9245068,1.8975061,0.49969986
943,1.5259125,2.3370016,2.5303297,1.8952264,1.7272946,2.3060472,0.49500573
944,1.5289832,1.862316,1.8446292,2.180968,2.1714315,2.2178514,0.4336054
945,1.6553646,2.1218314,1.8231447,1.7521063,1.9409983,1.9600298,0.8177085
946,2.1255713,1.5513576,1.4983258,1.7404037,2.0649931,1.5925426,1.092927
947,2.5320182,1.7896945,1.757572,1.9751688,1.3184683,1.9566908,1.7092862
948,1.7418618,2.446704,2.5125449,2.3228807,2.2570252,1.6749322,0.90478885
949,1.8853062,1.9265939,2.7430274,1.7137814,2.1142871,1.8279259,0.8774822
950,1.7144846,1.9073715,1.8236715,2.5790033,2.3873644,2.087037,0.8780919
951,1.8253765,2.499577,2.0534644,2.782403,2.1198037,2.5456984,0.9526665
952,2.1815002,2.1069188,1.648833,1.7450544,2.1350286,1.8361456,1.4071492
953,1.8744167,1.8077959,1.7419868,2.0254304,2.693001,2.5168746,1.3772376
954,2.121061,1.5969951,2.149007,1.6859243,1.555903,1.8477105,1.6380539
955,1.8827703,2.5067978,2.4052656,1.9260212,1.8319961,2.048945,1.064025
956,1.7745185,2.0359166,1.7680262,1.8511558,2.4402213,1.60304,1.2028649
957,2.1215506,1.8736187,2.0202742,2.4092052,2.4191897,1.9141083,1.1356838
958,2.1396747,1.7045995,1.5766006,2.453148,1.9686425,1.6517384,1.5708332
959,1.8914587,2.7807498,2.2009676,1.835825,2.1696157,1.6089194,1.7068262
960,2.2411456,1.8264111,1.8192691,2.8400302,1.5005363,2.5332646,1.2692264
961,1.4303395,2.2594874,2.244387,2.178944,2.2687514,2.6113772,1.0678887
962,1.9493811,2.7456527,1.8228735,2.0058599,1.5615959,2.1940548,1.5495951
963,1.5426161,1.8371727,2.1612077,1.5213835,2.6848283,1.8564141,1.4192697
964,2.1829932,1.6106666,1.7954919,1.9237051,2.5733645,2.1883092,1.7009202
965,2.1754286,1.7378162,1.9931189,1.9364101,2.7623396,1.7940675,2.093093
966,2.0867589,2.0985177,1.7249999,1.9933844,1.9003266,2.166027,1.3727835
967,2.3005116,2.045622,2.3057826,2.6195536,1.9417207,2.475517,1.9609876
968,2.100954,2.0202422,1.6995387,2.3636785,2.1373782,2.875035,1.9969852
969,1.801496,1.9541025,2.9396477,2.2650995,1.7710092,2.1269948,1.590847
970,2.1834288,2.0094802,2.3412986,1.9709257,2.3977544,2.297735,1.7001194
971,2.0899947,2.0317118,2.304253,1.8687687,1.8897436,1.3991746,1.6242378
972,1.9397675,2.1965415,2.217169,1.7314255,1.7165598,2.2895997,1.361156
973,1.91328,1.6247808,1.5946689,2.0374165,1.9577869,2.2238877,1.4084009
974,1.4034522,1.7775705,2.1002223,1.8603299,2.1810446,2.2571537,1.3303903
975,1.77835,1.6304247,2.1368287,2.75311,1.8594698,2.1675522,1.8791852
976,2.0293257,1.8455036,2.1047049,1.4255509,2.0760446,1.5854871,1.5924367
977,1.3864934,2.572806,2.6468084,1.7710739,1.3946581,1.4839824,1.9083486
978,1.9497665,2.1853135,1.8861285,2.2696042,1.7656995,2.0009718,1.5357965
979,0.6743876,2.3041868,1.6949185,1.9621761,1.8604584,2.6167626,1.3958052
980,1.9630121,1.649154,1.8477291,2.0553198,2.2549725,1.8718396,1.5827796
981,1.8379209,2.0534532,1.5233338,1.5868169,2.2484164,1.721152,1.7706188
982,1.6395061,2.4329941,1.746248,1.7465763,1.8681029,1.8106464,1.9187214
983,2.0153816,1.5299628,1.6828887,2.5221457,2.4849436,2.2248456,1.942202
984,1.8104314,1.9988276,1.4173939,2.1400495,1.9860842,1.8768227,1.8164892
985,1.9567983,2.0353904,2.2808042,2.0913162,1.4863068,2.003596,1.7564698
986,1.801864,2.5728846,1.8541143,2.2686927,2.0507076,2.3088026,1.5177035
987,2.1414173,1.7214566,2.2315993,2.1687818,1.9688184,1.7977723,1.9395294
988,1.6913317,2.794538,1.8463392,1.9253359,1.913276,1.9221398,2.1643784
989,1.9540801,2.0221968,1.6203022,1.8164757,2.0317907,2.1692724,2.2887368
990,1.9480935,2.16395,1.9751548,1.3471758,2.0712643,1.9004387,2.0027266
991,1.9726232,2.0378325,2.4328885,1.7201151,2.2642212,1.6965094,2.231131
992,1.9354544,1.7160884,1.7938657,2.6019874,1.8761653,2.2741868,1.988418
993,1.6250857,1.8894123,2.178978,2.24648,1.5640898,1.7160444,1.6941254
994,1.8903254,1.953013,2.0901296,2.1934092,2.064005,2.3011672,1.7008972
995,1.6307554,1.422707,1.8716725,1.8553658,1.8655126,1.8568782,2.29065
996,0.1346535,1.821696,1.267073,1.9413688,1.8166524,2.1166856,2.2378993
997,1.7336136,2.1693316,1.8858234,1.9017136,1.6959887,2.151516,2.2193103
998,1.0739324,1.9153898,2.100184,2.3001807,2.1950755,1.8366522,2.1322877
999,0.973843,1.6567538,1.731795,1.7818027,2.4003341,2.4376206,2.4484363
